,Year,Month,Day,Hour,Minute,GHI,DHI,DNI,Wind Speed,Temperature,Solar Zenith Angle
0,2014,1,1,0,30,0,0,0,2.1488046646118164,8.108972167968773,175.4984135012671
1,2014,1,1,1,30,0,0,0,1.9842159748077397,7.723504638671898,169.50722151498218
2,2014,1,1,2,30,0,0,0,1.5935418605804443,7.593865966796898,155.7814519502831
3,2014,1,1,3,30,0,0,0,1.084787130355835,7.507257080078148,141.9891958889836
4,2014,1,1,4,30,0,0,0,0.7066332101821899,7.317926025390648,128.2757672381298
5,2014,1,1,5,30,0,0,0,0.4927381277084351,7.152581787109398,114.71552368875015
6,2014,1,1,6,30,0,0,0,0.4137624204158783,7.278710937500023,101.39676608494105
7,2014,1,1,7,30,12,9,96,0.3506350517272949,8.435174560546898,88.44596576056713
8,2014,1,1,8,30,157,91,274,0.19684943556785586,10.566674804687525,76.07716317927864
9,2014,1,1,9,30,378,130,580,0.5327007770538329,13.3955017089844,64.62987138091458
10,2014,1,1,10,30,608,87,901,1.1867355108261108,16.013146972656273,54.70110396420408
11,2014,1,1,11,30,609,287,473,1.544411540031433,17.417810058593773,47.26784903352027
12,2014,1,1,12,30,456,377,109,1.7842121124267578,18.027337646484398,43.63152846640352
13,2014,1,1,13,30,711,217,695,1.9185752868652344,18.039483642578148,44.73079110762618
14,2014,1,1,14,30,582,244,528,1.906209707260132,17.616571044921898,50.255280796879255
15,2014,1,1,15,30,388,235,296,1.7504260540008545,16.816522216796898,58.97110679975336
16,2014,1,1,16,30,248,138,316,1.4907181262969968,15.6247497558594,69.685967078243
17,2014,1,1,17,30,66,59,45,1.2398899793624878,14.328149414062526,81.60941112580507
18,2014,1,1,18,30,0,0,0,1.0138707160949707,13.436120605468775,94.27768481704528
19,2014,1,1,19,30,0,0,0,0.7539796233177185,12.916162109375026,107.41607476541151
20,2014,1,1,20,30,0,0,0,0.5460227131843567,12.4255310058594,120.86012724006287
21,2014,1,1,21,30,0,0,0,0.4470153748989105,11.9321228027344,134.50286494507682
22,2014,1,1,22,30,0,0,0,0.4565098881721497,11.4171081542969,148.26658137761248
23,2014,1,1,23,30,0,0,0,0.5726385116577148,10.988488769531275,162.06996793341287
24,2014,1,2,0,30,0,0,0,0.7751351594924927,10.816857910156275,175.45327927258202
25,2014,1,2,1,30,0,0,0,1.0396009683609009,10.71111450195315,169.63009334673546
26,2014,1,2,2,30,0,0,0,1.3356609344482422,10.521752929687525,155.89042752364156
27,2014,1,2,3,30,0,0,0,1.6362226009368896,10.338281250000025,142.0899648876831
28,2014,1,2,4,30,0,0,0,1.9402596950531008,10.16643676757815,128.3690376427777
29,2014,1,2,5,30,0,0,0,2.2368764877319336,9.95330200195315,114.80076057973362
30,2014,1,2,6,30,0,0,0,2.5070667266845703,9.847802734375025,101.47264626136807
31,2014,1,2,7,30,3,3,0,2.6428699493408203,10.8234802246094,88.51023539308979
32,2014,1,2,8,30,113,96,73,2.9349398612976074,13.405786132812526,76.12644660127302
33,2014,1,2,9,30,263,199,149,3.2686388492584233,15.771752929687526,64.65880947095255
34,2014,1,2,10,30,611,88,906,3.26418685913086,16.879937744140648,54.7019621049025
35,2014,1,2,11,30,739,94,949,3.189305305480957,17.305566406250026,47.231398283470824
36,2014,1,2,12,30,472,373,135,3.2257983684539795,17.194268798828148,43.55267673446191
37,2014,1,2,13,30,780,96,962,3.445533275604248,16.609033203125026,44.616690347563136
38,2014,1,2,14,30,692,91,937,3.836410999298096,15.59087524414065,50.12177814522303
39,2014,1,2,15,30,539,82,883,4.321122646331787,14.2280212402344,58.831159191938546
40,2014,1,2,16,30,339,67,778,4.75682258605957,12.622644042968775,69.54633265460038
41,2014,1,2,17,30,122,30,623,5.031674861907959,10.9774108886719,81.47296543636065
42,2014,1,2,18,30,0,0,0,5.152033805847168,9.66631469726565,94.14551959693938
43,2014,1,2,19,30,0,0,0,5.169833183288574,8.751977539062523,107.28865601522293
44,2014,1,2,20,30,0,0,0,5.243324279785156,7.936090087890648,120.73775047060788
45,2014,1,2,21,30,0,0,0,5.31585168838501,7.106378173828148,134.38598390329457
46,2014,1,2,22,30,0,0,0,5.239758491516113,6.299737548828148,148.15629425897706
47,2014,1,2,23,30,0,0,0,5.063174247741699,5.518029785156274,161.97010712346315
48,2014,1,3,0,30,0,0,0,4.843544960021973,4.752404785156274,175.4092272905187
49,2014,1,3,1,30,0,0,0,4.618551254272461,4.091516113281274,169.75285689259346
50,2014,1,3,2,30,0,0,0,4.3303866386413565,3.640069580078148,155.99800143052906
51,2014,1,3,3,30,0,0,0,4.014546871185304,3.3580566406250227,142.188746443369
52,2014,1,3,4,30,0,0,0,3.758866310119629,3.1358886718750227,128.4598310231787
53,2014,1,3,5,30,0,0,0,3.5207629203796387,2.975640869140648,114.8830362126847
54,2014,1,3,6,30,0,0,0,3.266221284866333,3.085504150390648,101.54504948048573
55,2014,1,3,7,30,11,9,90,2.987493991851806,4.275750732421899,88.57045610619039
56,2014,1,3,8,30,210,58,635,2.6831822395324707,6.627526855468773,76.17102401500019
57,2014,1,3,9,30,431,77,827,2.325802564620972,9.334741210937525,64.68228882120931
58,2014,1,3,10,30,616,88,913,1.865713715553284,12.384973144531275,54.696540039419176
59,2014,1,3,11,30,744,94,955,1.3294515609741209,15.838098144531275,47.18791958324903
60,2014,1,3,12,30,803,97,972,0.9410346746444702,18.453271484375023,43.46648610584661
61,2014,1,3,13,30,788,96,969,0.9419240355491638,18.985742187500023,44.495756286088465
62,2014,1,3,14,30,699,92,945,1.0692330598831177,18.170892333984398,49.982614960919435
63,2014,1,3,15,30,546,83,891,0.991251826286316,17.019067382812526,58.686874342114
64,2014,1,3,16,30,344,67,787,0.779954195022583,15.589074707031275,69.40352881068007
65,2014,1,3,17,30,126,31,630,0.8300379514694214,13.713708496093775,81.33430545289194
66,2014,1,3,18,30,0,0,0,1.211568832397461,12.196313476562526,94.01191728982955
67,2014,1,3,19,30,0,0,0,1.5179688930511477,11.3538757324219,107.16044634240951
68,2014,1,3,20,30,0,0,0,1.6050994396209717,10.503625488281275,120.61513838452416
69,2014,1,3,21,30,0,0,0,1.5409777164459229,9.6249938964844,134.26936523463502
70,2014,1,3,22,30,0,0,0,1.3979170322418213,8.789361572265648,148.04673914650266
71,2014,1,3,23,30,0,0,0,1.2547465562820437,8.097528076171898,161.87144979428186
72,2014,1,4,0,30,0,0,0,1.1836975812911987,7.632623291015648,175.3659236055151
73,2014,1,4,1,30,0,0,0,1.2441871166229248,7.347406005859398,169.87523169599731
74,2014,1,4,2,30,0,0,0,1.4407025575637815,7.116510009765648,156.1039861310189
75,2014,1,4,3,30,0,0,0,1.614358901977539,6.849145507812523,142.2853907843002
76,2014,1,4,4,30,0,0,0,1.6881971359252932,6.531518554687523,128.54802060423572
77,2014,1,4,5,30,0,0,0,1.715341567993164,6.204217529296898,114.96224191161015
78,2014,1,4,6,30,0,0,0,1.6994330883026123,6.302026367187523,101.61388382824465
79,2014,1,4,7,30,11,9,87,1.619148015975952,8.497857666015648,88.62655350184099
80,2014,1,4,8,30,213,59,645,1.5224723815917969,12.471887207031275,76.2108398503416
81,2014,1,4,9,30,437,78,841,1.7599494457244873,16.025628662109398,64.7002783855757
82,2014,1,4,10,30,625,89,927,2.2078185081481934,18.350457763671894,54.68482707000239
83,2014,1,4,11,30,754,95,968,2.532059669494629,19.622857666015648,47.137424680692064
84,2014,1,4,12,30,812,98,982,2.8716526031494136,20.166101074218773,43.372988464632776
85,2014,1,4,13,30,794,97,975,3.1101202964782715,19.975030517578148,44.36804458885456
86,2014,1,4,14,30,704,92,949,3.0948915481567383,19.201562500000023,49.837873656696736
87,2014,1,4,15,30,527,98,823,2.925663709640503,17.952142333984398,58.538353988555954
88,2014,1,4,16,30,307,98,591,2.5764412879943848,16.156549072265648,69.25766610436996
89,2014,1,4,17,30,129,32,634,2.2887988090515137,14.34441528320315,81.19354274756665
90,2014,1,4,18,30,0,0,0,2.3350133895874023,13.27520141601565,93.87698545426755
91,2014,1,4,19,30,0,0,0,2.5414659976959233,12.687341308593775,107.03154558267948
92,2014,1,4,20,30,0,0,0,2.6926305294036865,12.103051757812526,120.4923793883113
93,2014,1,4,21,30,0,0,0,2.762759208679199,11.4072204589844,134.1530804693041
94,2014,1,4,22,30,0,0,0,2.8017864227294917,10.60100708007815,147.9379593682611
95,2014,1,4,23,30,0,0,0,2.8165745735168457,9.7807556152344,161.77397565817884
96,2014,1,5,0,30,0,0,0,2.8378279209136963,9.04082641601565,175.32301989175235
97,2014,1,5,1,30,0,0,0,2.859960556030273,8.441003417968773,169.99691350781617
98,2014,1,5,2,30,0,0,0,2.826920509338379,7.946038818359398,156.2081883273613
99,2014,1,5,3,30,0,0,0,2.7127163410186768,7.538507080078148,142.37974645187396
100,2014,1,5,4,30,0,0,0,2.570014476776123,7.214318847656273,128.6334798174677
101,2014,1,5,5,30,0,0,0,2.4160785675048833,6.963647460937523,115.03827039120605
102,2014,1,5,6,30,0,0,0,2.273463249206543,7.167352294921898,101.67905963941631
103,2014,1,5,7,30,10,8,82,2.1557679176330566,8.97673950195315,88.67845608996237
104,2014,1,5,8,30,211,59,642,2.02739691734314,11.8300720214844,76.24584193783853
105,2014,1,5,9,30,386,119,625,2.234951972961426,14.78191528320315,64.71274477298992
106,2014,1,5,10,30,623,89,922,2.58416485786438,17.459436035156273,54.6668161822124
107,2014,1,5,11,30,752,95,963,2.6850242614746094,19.101953125000023,47.07992866275517
108,2014,1,5,12,30,810,98,978,2.746471405029297,19.851098632812523,43.272218597785006
109,2014,1,5,13,30,794,97,972,2.764424085617065,20.058312988281273,44.233613770722606
110,2014,1,5,14,30,704,92,945,2.6777262687683105,19.862237548828148,49.68763950067103
111,2014,1,5,15,30,550,83,890,2.474218368530273,19.014794921875023,58.38570221185051
112,2014,1,5,16,30,349,68,787,2.1850626468658447,17.213250732421898,69.10885652594442
113,2014,1,5,17,30,130,33,622,1.9149432182312007,14.9874206542969,81.05078930046876
114,2014,1,5,18,30,0,0,0,1.7288345098495483,13.667749023437526,93.7408310417312
115,2014,1,5,19,30,0,0,0,1.7397925853729248,13.19768676757815,106.90205197807592
116,2014,1,5,20,30,0,0,0,2.0099554061889653,12.66765747070315,120.36955929225157
117,2014,1,5,21,30,0,0,0,2.44579553604126,12.118676757812526,134.03719743328008
118,2014,1,5,22,30,0,0,0,2.920912027359009,11.442956542968775,147.82999316141908
119,2014,1,5,23,30,0,0,0,3.304067373275757,10.5506530761719,161.67765734464243
120,2014,1,6,0,30,0,0,0,3.560752391815185,9.819787597656275,175.28015421513595
121,2014,1,6,1,30,0,0,0,3.7002582550048833,9.260766601562525,170.11757340108653
122,2014,1,6,2,30,0,0,0,3.675126552581787,8.8820739746094,156.31040920246886
123,2014,1,6,3,30,0,0,0,3.4770867824554443,8.693566894531273,142.47166053740412
124,2014,1,6,4,30,0,0,0,3.2773685455322266,8.459222412109398,128.7160825010688
125,2014,1,6,5,30,0,0,0,3.1616544723510738,8.115991210937523,115.111015920451
126,2014,1,6,6,30,0,0,0,3.0724515914916988,7.856896972656273,101.74048962631187
127,2014,1,6,7,30,5,5,5,3.0407791137695312,8.412957763671898,88.72609538067198
128,2014,1,6,8,30,128,96,134,3.001408100128174,10.216333007812525,76.27598157015055
129,2014,1,6,9,30,201,180,48,2.7867236137390137,12.8262878417969,64.71966233254135
130,2014,1,6,10,30,524,214,534,2.3932275772094727,15.391381835937526,54.642504051178726
131,2014,1,6,11,30,617,287,483,1.9246116876602173,17.400933837890648,47.015449943134186
132,2014,1,6,12,30,720,293,586,1.474191427230835,18.847528076171894,43.164214165873254
133,2014,1,6,13,30,710,275,604,1.168545484542847,19.169580078125023,44.092525157576105
134,2014,1,6,14,30,481,329,233,1.301975965499878,18.297204589843773,49.532000564639304
135,2014,1,6,15,30,313,252,115,1.9545936584472656,16.741937255859398,58.229025353948
136,2014,1,6,16,30,171,152,54,2.8456382751464844,14.47112426757815,68.95721339147643
137,2014,1,6,17,30,7,7,0,3.630928039550781,11.577966308593775,80.9061573819764
138,2014,1,6,18,30,0,0,0,4.124377250671387,8.601586914062523,93.603560282565
139,2014,1,6,19,30,0,0,0,4.373863220214844,6.070397949218773,106.77206207888548
140,2014,1,6,20,30,0,0,0,4.3539748191833505,4.205255126953149,120.24676124099972
141,2014,1,6,21,30,0,0,0,4.059600830078125,2.9023376464843977,133.92178022492985
142,2014,1,6,22,30,0,0,0,3.641368389129639,2.1967407226562727,147.7228737278489
143,2014,1,6,23,30,0,0,0,3.1825242042541504,2.0858398437500227,161.58246061449051
144,2014,1,7,0,30,0,0,0,2.687892436981201,2.3182006835937727,175.2369520492772
145,2014,1,7,1,30,0,0,0,2.203197717666626,2.6853271484375227,170.23685696461882
146,2014,1,7,2,30,0,0,0,1.7802739143371582,3.0074707031250227,156.4104446911119
147,2014,1,7,3,30,0,0,0,1.4877912998199463,3.1269775390625227,142.56097893050517
148,2014,1,7,4,30,0,0,0,1.3739556074142456,2.9914489746093977,128.7957031038367
149,2014,1,7,5,30,0,0,0,1.403754472732544,2.746636962890648,115.18037448620287
150,2014,1,7,6,30,0,0,0,1.516279220581055,2.6625000000000227,101.79808900539476
151,2014,1,7,7,30,3,3,0,1.5802110433578491,3.7676635742187727,88.76940597315775
152,2014,1,7,8,30,69,69,0,1.459909200668335,6.823876953125023,76.30121355985305
153,2014,1,7,9,30,23,23,0,1.0118669271469116,11.10137329101565,64.72100815393189
154,2014,1,7,10,30,387,291,164,0.4411463439464569,15.394067382812526,54.61189104507589
155,2014,1,7,11,30,743,92,953,0.4232564568519592,18.224542236328148,46.944010247525775
156,2014,1,7,12,30,804,94,970,0.8278211951255798,19.070855712890648,43.04901567153393
157,2014,1,7,13,30,790,94,967,1.0804997682571411,18.793756103515648,43.944842846563255
158,2014,1,7,14,30,703,89,943,1.1202784776687622,18.003015136718773,49.3710476710744
159,2014,1,7,15,30,552,81,891,1.0974451303482056,16.818292236328148,58.06843193576238
160,2014,1,7,16,30,352,66,792,1.3952724933624268,15.23687133789065,68.80285123537064
161,2014,1,7,17,30,86,64,137,1.9016072750091555,13.7945495605469,80.75975943547874
162,2014,1,7,18,30,0,0,0,2.2974853515625,12.709008789062526,93.46527857393242
163,2014,1,7,19,30,0,0,0,2.4795479774475098,11.513635253906275,106.64167064911406
164,2014,1,7,20,30,0,0,0,2.3171958923339844,10.3742614746094,120.124065649009
165,2014,1,7,21,30,0,0,0,1.9339540004730225,9.743310546875025,133.80688919725358
166,2014,1,7,22,30,0,0,0,1.5192172527313232,9.493249511718775,147.61662929455818
167,2014,1,7,23,30,0,0,0,1.172617793083191,9.28582153320315,161.48834457376606
168,2014,1,8,0,30,0,0,0,1.0277607440948486,9.084985351562525,175.19302755824842
169,2014,1,8,1,30,0,0,0,1.1993794441223145,8.9123474121094,170.35438361324975
170,2014,1,8,2,30,0,0,0,1.504306077957153,8.576623535156273,156.50808578567958
171,2014,1,8,3,30,0,0,0,1.7269550561904907,8.080224609375023,142.64754657898382
172,2014,1,8,4,30,0,0,0,1.8521534204483032,7.637780761718773,128.87221689240317
173,2014,1,8,5,30,0,0,0,1.911089301109314,7.249291992187523,115.24624395627085
174,2014,1,8,6,30,0,0,0,1.9348515272140503,7.294854736328148,101.85177562133556
175,2014,1,8,7,30,9,8,72,1.8318214416503904,9.3664489746094,88.80832564114122
176,2014,1,8,8,30,210,57,644,1.558543086051941,13.04937133789065,76.32149629353378
177,2014,1,8,9,30,435,76,840,1.4021836519241333,16.220971679687526,64.71676309697061
178,2014,1,8,10,30,625,87,928,1.4668169021606443,18.395471191406273,54.57498122577121
179,2014,1,8,11,30,756,93,970,1.6326534748077393,19.819116210937523,46.865634596538456
180,2014,1,8,12,30,818,95,987,1.8506940603256223,20.575769042968773,42.92666642574164
181,2014,1,8,13,30,805,95,984,2.0419282913208012,20.622918701171894,43.790633664891175
182,2014,1,8,14,30,718,90,960,2.137948989868164,20.071862792968773,49.20487433894507
183,2014,1,8,15,30,565,82,909,2.090720891952514,18.931298828125023,57.90403257328222
184,2014,1,8,16,30,362,67,811,1.941904067993164,17.210839843750026,68.64588570204438
185,2014,1,8,17,30,140,33,651,1.8095123767852783,15.45037231445315,80.611707960732
186,2014,1,8,18,30,0,0,0,1.697070837020874,14.421899414062526,93.32609036987192
187,2014,1,8,19,30,0,0,0,1.5414305925369265,13.8288513183594,106.51097057556
188,2014,1,8,20,30,0,0,0,1.2829251289367676,13.0856872558594,120.001550140626
189,2014,1,8,21,30,0,0,0,0.9226365089416504,12.2390075683594,133.69258094532637
190,2014,1,8,22,30,0,0,0,0.6025940775871277,11.3355651855469,147.51128317845325
191,2014,1,8,23,30,0,0,0,0.4725557863712311,10.46917114257815,161.39526188797154
192,2014,1,9,0,30,0,0,0,0.5564992427825928,9.7297302246094,175.14798515955258
193,2014,1,9,1,30,0,0,0,0.7001789808273315,9.06731567382815,170.46974605984502
194,2014,1,9,2,30,0,0,0,0.7512032389640808,8.410882568359398,156.60311887837454
195,2014,1,9,3,30,0,0,0,0.6743131875991821,7.754388427734398,142.73120776014514
196,2014,1,9,4,30,0,0,0,0.5493487715721129,7.137933349609398,128.9455001616471
197,2014,1,9,5,30,0,0,0,0.5229025483131409,6.583093261718773,115.30852424188032
198,2014,1,9,6,30,0,0,0,0.6430217027664185,6.540124511718773,101.90147006852531
199,2014,1,9,7,30,9,7,69,0.7978816032409668,8.714990234375023,88.84279541473381
200,2014,1,9,8,30,211,58,650,0.8232343792915344,13.02471313476565,76.33679178213639
201,2014,1,9,9,30,438,76,847,1.0369911193847656,17.270501708984398,64.70691181237292
202,2014,1,9,10,30,629,87,934,1.4813110828399658,19.967858886718773,54.531782346864794
203,2014,1,9,11,30,762,93,976,1.8000903129577637,21.237695312500023,46.780351286419524
204,2014,1,9,12,30,824,96,992,1.990095138549805,21.875268554687523,42.797212511988036
205,2014,1,9,13,30,810,95,988,2.0793042182922363,21.913812255859398,43.62996712724922
206,2014,1,9,14,30,723,91,964,2.1657059192657466,21.369622802734398,49.03357672836719
207,2014,1,9,15,30,570,82,913,2.248972177505493,20.228784179687523,57.735939892240324
208,2014,1,9,16,30,366,67,815,2.2272491455078125,18.332330322265648,68.48643343673783
209,2014,1,9,17,30,143,34,653,2.159564018249512,16.102868652343773,80.46211539769816
210,2014,1,9,18,30,0,0,0,2.183410167694092,14.6408630371094,93.18609907357964
211,2014,1,9,19,30,0,0,0,2.366740703582764,13.812768554687526,106.38005278060487
212,2014,1,9,20,30,0,0,0,2.6583175659179688,12.816918945312526,119.87928949509316
213,2014,1,9,21,30,0,0,0,2.948490619659424,11.673608398437526,133.57890829908519
214,2014,1,9,22,30,0,0,0,3.1370820999145512,10.6093688964844,147.40685385560568
215,2014,1,9,23,30,0,0,0,3.1800479888916016,9.71013793945315,161.3031589972013
216,2014,1,10,0,30,0,0,0,3.115058422088623,8.9338317871094,175.1014213740774
217,2014,1,10,1,30,0,0,0,2.9816586971282963,8.270257568359398,170.58251000172226
218,2014,1,10,2,30,0,0,0,2.7601420879364014,7.740960693359398,156.6953261410177
219,2014,1,10,3,30,0,0,0,2.4894397258758545,7.360528564453148,142.81180636296455
220,2014,1,10,4,30,0,0,0,2.3068320751190186,7.116632080078148,129.01543044761934
221,2014,1,10,5,30,0,0,0,2.24737548828125,6.947991943359398,115.3671174589903
222,2014,1,10,6,30,0,0,0,2.2663650512695312,7.241754150390648,101.94709580957444
223,2014,1,10,7,30,8,7,64,2.219642162322998,9.62273559570315,88.8727596586592
224,2014,1,10,8,30,156,88,286,2.36287260055542,13.669641113281275,76.34706570739691
225,2014,1,10,9,30,430,76,829,3.0847811698913574,17.165338134765648,64.69144275900699
226,2014,1,10,10,30,619,87,916,3.745406866073608,19.263330078125023,54.482305848874844
227,2014,1,10,11,30,750,93,958,3.981247901916504,20.179315185546894,46.68819186752576
228,2014,1,10,12,30,602,377,306,4.119936466217041,20.509362792968773,42.66070274842532
229,2014,1,10,13,30,336,311,33,4.20128345489502,20.351617431640648,43.46291539193732
230,2014,1,10,14,30,142,140,3,4.206671714782715,19.676416015625023,48.85725358418805
231,2014,1,10,15,30,115,115,0,4.1429996490478525,18.579461669921894,57.564268441437214
232,2014,1,10,16,30,172,155,47,3.8892123699188232,16.918878173828148,68.3246119756877
233,2014,1,10,17,30,45,45,0,3.682976484298706,15.069848632812526,80.31109401123125
234,2014,1,10,18,30,0,0,0,3.6214213371276855,13.807702636718775,93.04540693206329
235,2014,1,10,19,30,0,0,0,3.4545788764953613,13.00823364257815,106.24900613866531
236,2014,1,10,20,30,0,0,0,3.2783918380737305,12.260766601562526,119.75735559620612
237,2014,1,10,21,30,0,0,0,3.0941524505615234,11.411645507812526,133.46592032121362
238,2014,1,10,22,30,0,0,0,2.8448467254638667,10.5444274902344,147.3033550346623
239,2014,1,10,23,30,0,0,0,2.541189670562744,9.80108032226565,161.21197633296455
240,2014,1,11,0,30,0,0,0,2.205193281173706,9.17876586914065,175.05292696111198
241,2014,1,11,1,30,0,0,0,1.8589763641357424,8.669488525390648,170.69221408205317
242,2014,1,11,2,30,0,0,0,1.4933614730834959,8.321435546875023,156.78448594414334
243,2014,1,11,3,30,0,0,0,1.129800796508789,8.095422363281273,142.88918618092688
244,2014,1,11,4,30,0,0,0,0.8199481964111328,7.877648925781273,129.0818867425802
245,2014,1,11,5,30,0,0,0,0.5978139638900757,7.616662597656273,115.4219280880557
246,2014,1,11,6,30,0,0,0,0.5645982623100281,7.724908447265648,101.98857929060206
247,2014,1,11,7,30,8,7,59,0.7311347723007202,9.860375976562525,88.8981661465992
248,2014,1,11,8,30,203,57,621,1.105189323425293,13.772119140625026,76.35228746439705
249,2014,1,11,9,30,425,75,817,1.6418585777282717,17.165765380859398,64.6703482177445
250,2014,1,11,10,30,613,86,904,2.05664587020874,19.223779296875023,54.42656685181355
251,2014,1,11,11,30,744,93,947,2.2906317710876465,20.114343261718773,46.589191120699
252,2014,1,11,12,30,807,95,964,2.4505109786987305,20.002008056640648,42.517188648071865
253,2014,1,11,13,30,795,95,962,2.5839576721191406,19.300561523437523,43.289553215915745
254,2014,1,11,14,30,40,40,0,2.78311538696289,18.447564697265648,48.676006178615275
255,2014,1,11,15,30,372,260,208,3.033402919769287,17.496728515625026,57.38913460468897
256,2014,1,11,16,30,236,163,195,3.20779037475586,16.276116943359398,68.16053963565902
257,2014,1,11,17,30,107,62,264,3.521258354187012,14.82610473632815,80.1587557765206
258,2014,1,11,18,30,0,0,0,3.998283863067627,13.618737792968775,92.90411493323305
259,2014,1,11,19,30,0,0,0,4.329361915588379,12.56951293945315,106.11791739652857
260,2014,1,11,20,30,0,0,0,4.467582702636719,11.499230957031275,119.63581738670551
261,2014,1,11,21,30,0,0,0,4.439825534820557,10.64141235351565,133.3536623099709
262,2014,1,11,22,30,0,0,0,4.316494941711427,10.28948364257815,147.20079573435382
263,2014,1,11,23,30,0,0,0,4.084280014038087,10.482507324218775,161.1216485372638
264,2014,1,12,0,30,0,0,0,3.681654453277588,10.70037231445315,175.00208932641513
265,2014,1,12,1,30,0,0,0,3.2609069347381587,10.713525390625025,170.79837019414342
266,2014,1,12,2,30,0,0,0,2.875368595123291,10.687646484375025,156.87037331607843
267,2014,1,12,3,30,0,0,0,2.4591073989868164,10.694970703125025,142.96319121483702
268,2014,1,12,4,30,0,0,0,2.095999240875244,10.797204589843775,129.1447497116502
269,2014,1,12,5,30,0,0,0,1.8588546514511108,10.844140625000025,115.47286313201245
270,2014,1,12,6,30,0,0,0,1.7443699836730957,10.8367858886719,102.02585005311796
271,2014,1,12,7,30,8,6,56,1.646129846572876,12.0161071777344,88.91896613160891
272,2014,1,12,8,30,201,56,613,1.851386547088623,14.50286254882815,76.35243019997702
273,2014,1,12,9,30,423,75,811,2.331407070159912,16.719079589843773,64.64362430177097
274,2014,1,12,10,30,612,86,901,2.6408581733703613,18.051171875000023,54.36458414504529
275,2014,1,12,11,30,744,93,945,2.848180055618286,18.641229248046894,46.48338703153025
276,2014,1,12,12,30,808,96,963,3.0636208057403564,18.658380126953148,42.366724377155144
277,2014,1,12,13,30,232,222,14,3.2684426307678223,18.312188720703148,43.10995790875378
278,2014,1,12,14,30,633,241,591,3.3222250938415527,17.858728027343773,48.48993825290557
279,2014,1,12,15,30,563,82,887,3.07020902633667,17.260949707031273,57.21065651159944
280,2014,1,12,16,30,365,68,792,2.663723945617676,16.298608398437526,67.9943354029932
281,2014,1,12,17,30,145,37,623,2.434771776199341,14.9328552246094,80.00521226557763
282,2014,1,12,18,30,0,0,0,2.3962435722351074,13.790002441406275,92.76232270538719
283,2014,1,12,19,30,0,0,0,2.3707454204559326,12.9926696777344,105.98687109732343
284,2014,1,12,20,30,0,0,0,2.382357597351074,12.1064392089844,119.51474082726172
285,2014,1,12,21,30,0,0,0,2.432875871658325,11.169152832031275,133.24217580684686
286,2014,1,12,22,30,0,0,0,2.4574599266052246,10.263757324218775,147.0991803650028
287,2014,1,12,23,30,0,0,0,2.45381498336792,9.46685180664065,161.03210468445724
288,2014,1,13,0,30,0,0,0,2.411895751953125,9.253869628906275,174.94849517954083
289,2014,1,13,1,30,0,0,0,2.240886211395264,9.41216430664065,170.90046420326823
290,2014,1,13,2,30,0,0,0,1.9022233486175537,9.253625488281275,156.95276044302972
291,2014,1,13,3,30,0,0,0,1.4912867546081543,8.99028930664065,143.03366598513833
292,2014,1,13,4,30,0,0,0,1.0766267776489258,8.84160766601565,129.20390191057479
293,2014,1,13,5,30,0,0,0,0.7170654535293579,8.695916748046898,115.51983227198895
294,2014,1,13,6,30,0,0,0,0.4588191211223602,8.675592041015648,102.0588408421483
295,2014,1,13,7,30,8,7,57,0.3167861104011536,9.6218200683594,88.93511441261587
296,2014,1,13,8,30,207,57,632,0.3359866738319397,12.02385864257815,76.34747084728312
297,2014,1,13,9,30,433,76,831,0.7915067672729492,15.416040039062526,64.61127096358243
298,2014,1,13,10,30,624,88,919,1.5126559734344482,18.333856201171894,54.296380174564
299,2014,1,13,11,30,759,94,963,1.9396350383758545,20.058038330078148,46.37082076268745
300,2014,1,13,12,30,823,97,980,2.085390567779541,21.066430664062523,42.209366711697314
301,2014,1,13,13,30,813,96,978,2.120796203613281,21.339929199218773,42.9242092856501
302,2014,1,13,14,30,729,92,957,2.10571551322937,20.983056640625023,48.29915595819782
303,2014,1,13,15,30,578,84,909,2.0738253593444824,20.088861083984398,57.02895394697261
304,2014,1,13,16,30,377,69,815,2.031301498413086,18.437982177734398,67.82611882213591
305,2014,1,13,17,30,153,38,650,2.1492552757263184,16.212823486328148,79.85057453474887
306,2014,1,13,18,30,0,0,0,2.5793113708496094,14.4918151855469,92.62012841941751
307,2014,1,13,19,30,0,0,0,3.2071986198425293,13.27190551757815,105.8559495083986
308,2014,1,13,20,30,0,0,0,3.822567462921143,11.76372680664065,119.39418885998012
309,2014,1,13,21,30,0,0,0,4.243370056152344,10.264550781250025,133.1314986089093
310,2014,1,13,22,30,0,0,0,4.434805393218994,9.1636901855469,146.99850881381573
311,2014,1,13,23,30,0,0,0,4.4244041442871085,8.580499267578148,160.94326850663762
312,2014,1,14,0,30,0,0,0,4.2524375915527335,8.475793457031273,174.89173340494116
313,2014,1,14,1,30,0,0,0,4.049439430236816,8.396020507812523,170.99795716453738
314,2014,1,14,2,30,0,0,0,3.8414795398712163,7.884057617187523,157.0314172103969
315,2014,1,14,3,30,0,0,0,3.663873672485352,7.164880371093773,143.1004558530133
316,2014,1,14,4,30,0,0,0,3.5124080181121826,6.550866699218773,129.25922800390816
317,2014,1,14,5,30,0,0,0,3.369166374206543,5.960137939453148,115.56274802036206
318,2014,1,14,6,30,0,0,0,3.2566704750061035,5.599725341796899,102.08748771046258
319,2014,1,14,7,30,8,7,58,2.999073982238769,6.810693359375023,88.94656939672817
320,2014,1,14,8,30,209,58,640,2.609513759613037,9.897973632812525,76.33739015606051
321,2014,1,14,9,30,437,77,839,2.0424022674560547,13.742944335937526,64.5732919983858
322,2014,1,14,10,30,629,88,925,1.2278120517730713,17.738214111328148,54.22198102772494
323,2014,1,14,11,30,763,94,967,0.7320641875267029,20.797052001953148,46.2515366243229
324,2014,1,14,12,30,827,97,983,0.9617951512336732,21.897302246093773,42.04517499242559
325,2014,1,14,13,30,816,96,979,1.529315710067749,21.475457763671894,42.732389619630545
326,2014,1,14,14,30,730,92,955,2.0310871601104736,20.331933593750023,48.10376779555913
327,2014,1,14,15,30,579,84,905,2.361407518386841,18.871850585937523,56.844148259124715
328,2014,1,14,16,30,377,69,810,2.3162665367126465,17.327203369140648,67.65600988383865
329,2014,1,14,17,30,154,39,641,1.9825496673583984,15.789270019531275,79.69495301337278
330,2014,1,14,18,30,0,0,0,1.7596006393432615,14.6652770996094,92.47762869361216
331,2014,1,14,19,30,0,0,0,1.7518277168273926,13.852258300781275,105.72523255303557
332,2014,1,14,20,30,0,0,0,1.802619695663452,12.840051269531275,119.27422137658886
333,2014,1,14,21,30,0,0,0,1.8605527877807615,11.6485534667969,133.02166478578005
334,2014,1,14,22,30,0,0,0,2.042911529541016,10.434655761718775,146.8987765340914
335,2014,1,14,23,30,0,0,0,2.372200965881348,9.255822753906275,160.8550586230442
336,2014,1,15,0,30,0,0,0,2.74957013130188,8.127374267578148,174.83139809857067
337,2014,1,15,1,30,0,0,0,3.124975204467773,7.099969482421898,171.0902871175619
338,2014,1,15,2,30,0,0,0,3.480589866638184,6.253717041015648,157.1061117852029
339,2014,1,15,3,30,0,0,0,3.87548828125,5.614465332031274,143.16340734936213
340,2014,1,15,4,30,0,0,0,4.320842742919922,5.112634277343774,129.31061498313713
341,2014,1,15,5,30,0,0,0,4.654570579528809,4.660638427734399,115.60152587082294
342,2014,1,15,6,30,0,0,0,4.8040432929992685,4.452844238281274,102.11173011858288
343,2014,1,15,7,30,8,7,58,4.845056056976318,5.746362304687523,88.95329315731182
344,2014,1,15,8,30,212,58,648,5.167317390441895,8.415002441406273,76.32217271890366
345,2014,1,15,9,30,443,78,849,5.590229034423828,10.771264648437525,64.52969504414322
346,2014,1,15,10,30,638,89,937,5.64069938659668,12.54461059570315,54.141416415384846
347,2014,1,15,11,30,774,95,979,5.437185287475586,13.894189453125026,46.125582042657356
348,2014,1,15,12,30,840,98,996,5.088075637817383,14.6993347167969,41.87421107809965
349,2014,1,15,13,30,830,98,993,4.658195495605469,14.9119812011719,42.534583593023655
350,2014,1,15,14,30,745,93,971,4.324079513549806,14.464929199218775,47.90388455520456
351,2014,1,15,15,30,517,162,645,4.171127796173097,13.328454589843775,56.65636226699873
352,2014,1,15,16,30,306,137,442,4.017642021179198,11.437219238281275,67.48412891306437
353,2014,1,15,17,30,147,51,532,3.883030891418457,8.981774902343775,79.53845739378241
354,2014,1,15,18,30,0,0,0,3.798076629638672,6.978662109375023,92.33491850132357
355,2014,1,15,19,30,0,0,0,3.57509994506836,5.748773193359398,105.59479774601759
356,2014,1,15,20,30,0,0,0,3.2210564613342285,4.787408447265649,119.15489519099032
357,2014,1,15,21,30,0,0,0,2.886858940124512,4.024804687500024,132.91270470117206
358,2014,1,15,22,30,0,0,0,2.612973213195801,3.4733825683593977,146.79997463812188
359,2014,1,15,23,30,0,0,0,2.321726560592652,3.0869079589843977,160.76738877409295
360,2014,1,16,0,30,0,0,0,2.0983870029449463,2.833184814453148,174.76709171072915
361,2014,1,16,1,30,0,0,0,1.9601237773895264,2.8142333984375227,171.17687153545123
362,2014,1,16,2,30,0,0,0,1.71325421333313,2.8582702636718977,157.1766112391932
363,2014,1,16,3,30,0,0,0,1.3288071155548096,2.830865478515648,143.22236851090642
364,2014,1,16,4,30,0,0,0,0.9529790878295898,2.950982666015648,129.35795238407908
365,2014,1,16,5,30,0,0,0,0.7686261534690857,3.2134948730468977,115.63608444487379
366,2014,1,16,6,30,0,0,0,0.7747702598571777,3.9197937011718977,102.13151103034843
367,2014,1,16,7,30,8,7,57,0.789581298828125,6.624658203125023,88.95525148780216
368,2014,1,16,8,30,157,88,292,1.0034136772155762,11.205651855468775,76.30180699317997
369,2014,1,16,9,30,441,77,843,1.5481648445129397,15.213281250000026,64.48049157817299
370,2014,1,16,10,30,635,89,931,1.975818395614624,17.546044921875026,54.054719651616004
371,2014,1,16,11,30,772,95,973,2.13492202758789,18.784814453125023,45.99300752680941
372,2014,1,16,12,30,745,301,594,2.218222141265869,19.419061279296894,41.69653929735487
373,2014,1,16,13,30,723,304,567,2.2738471031188965,19.436578369140648,42.33087824833491
374,2014,1,16,14,30,740,93,961,2.363190174102783,18.868829345703148,47.69961925518218
375,2014,1,16,15,30,563,107,825,2.47885799407959,17.708123779296898,56.465720166104
376,2014,1,16,16,30,346,99,641,2.4608690738677983,15.87908325195315,67.31059645671739
377,2014,1,16,17,30,145,52,505,2.3153717517852783,13.892663574218775,79.38119652259793
378,2014,1,16,18,30,0,0,0,2.1734170913696294,12.74822387695315,92.19209108135496
379,2014,1,16,19,30,0,0,0,2.075677394866944,12.0926452636719,105.46472013310465
380,2014,1,16,20,30,0,0,0,1.9431076049804688,11.170983886718775,119.03626401627182
381,2014,1,16,21,30,0,0,0,1.788243532180786,10.179406738281275,132.80464503865358
382,2014,1,16,22,30,0,0,0,1.7543752193450928,9.262536621093775,146.70208999376533
383,2014,1,16,23,30,0,0,0,1.8322596549987795,8.482141113281273,160.6801680603661
384,2014,1,17,0,30,0,0,0,1.885072112083435,7.866143798828148,174.69842822536557
385,2014,1,17,1,30,0,0,0,1.8193118572235107,7.371423339843773,171.2571104980242
386,2014,1,17,2,30,0,0,0,1.6691040992736816,7.004174804687523,157.24268221158326
387,2014,1,17,3,30,0,0,0,1.4862563610076904,6.701837158203148,143.27718922225972
388,2014,1,17,4,30,0,0,0,1.3029950857162476,6.360101318359398,129.40113250298205
389,2014,1,17,5,30,0,0,0,1.128265142440796,5.939996337890648,115.66634563472894
390,2014,1,17,6,30,0,0,0,0.965194046497345,5.892266845703148,102.14677700392404
391,2014,1,17,7,30,5,4,9,0.912979245185852,7.590600585937523,88.95241395120044
392,2014,1,17,8,30,212,59,648,1.0913870334625244,11.294091796875026,76.27628531892057
393,2014,1,17,9,30,444,78,847,1.5069468021392822,15.289392089843775,64.42569691036786
394,2014,1,17,10,30,640,89,935,1.9073693752288816,17.881433105468773,53.96192763108753
395,2014,1,17,11,30,778,96,979,2.210214614868164,19.042535400390648,45.85386663405578
396,2014,1,17,12,30,846,99,997,2.5368638038635254,19.478631591796894,41.51222639917627
397,2014,1,17,13,30,837,98,996,2.900550365447998,19.251062011718773,42.12136293858131
398,2014,1,17,14,30,753,94,974,3.299617290496826,18.328973388671894,47.49108707923622
399,2014,1,17,15,30,600,86,926,3.6975717544555664,16.698205566406273,56.272347433396384
400,2014,1,17,16,30,395,71,834,4.07338809967041,14.291833496093775,67.13553317112795
401,2014,1,17,17,30,166,41,667,4.282078742980957,11.411584472656275,79.22327829356344
402,2014,1,17,18,30,0,0,0,4.358590602874757,9.193750000000025,92.04923785129792
403,2014,1,17,19,30,0,0,0,4.320122718811035,7.894219970703148,105.33507223438671
404,2014,1,17,20,30,0,0,0,4.181180953979491,6.895806884765648,118.91837844613985
405,2014,1,17,21,30,0,0,0,4.087986946105957,6.113458251953148,132.69750883186538
406,2014,1,17,22,30,0,0,0,3.945922374725342,5.767633056640648,146.6051053247599
407,2014,1,17,23,30,0,0,0,3.677430868148804,5.866723632812523,160.59330118733166
408,2014,1,18,0,30,0,0,0,3.3763628005981445,5.968804931640648,174.6250362994581
409,2014,1,18,1,30,0,0,0,3.102636337280273,5.892602539062523,171.3303906440039
410,2014,1,18,2,30,0,0,0,2.734574317932129,5.683679199218773,157.30409160950262
411,2014,1,18,3,30,0,0,0,2.323939323425293,5.334252929687524,143.32772156291813
412,2014,1,18,4,30,0,0,0,2.020792961120605,4.952935791015649,129.44005061043006
413,2014,1,18,5,30,0,0,0,1.8074905872344968,4.568505859375024,115.69223474180872
414,2014,1,18,6,30,0,0,0,1.6353468894958496,4.468682861328149,102.15747827787054
415,2014,1,18,7,30,8,7,58,1.4183752536773682,5.575799560546899,88.94475392501215
416,2014,1,18,8,30,212,59,644,1.1095772981643677,8.886437988281275,76.24560393241546
417,2014,1,18,9,30,444,78,844,0.6785369515419006,13.893579101562526,64.36533017305368
418,2014,1,18,10,30,640,89,933,0.4127303659915924,18.136407470703148,53.863080803977326
419,2014,1,18,11,30,778,96,976,0.4809058308601379,20.436517333984398,45.708215933489896
420,2014,1,18,12,30,846,99,994,0.6478171348571777,21.424188232421894,41.32134150207053
421,2014,1,18,13,30,836,98,991,0.7919903993606567,21.593621826171894,41.906129277287285
422,2014,1,18,14,30,752,94,968,0.8230747580528259,21.150323486328148,47.27840531414393
423,2014,1,18,15,30,600,86,920,0.7783182859420776,20.003930664062523,56.07637073107985
424,2014,1,18,16,30,396,71,828,0.8829549551010132,18.026391601562523,66.95905970965863
425,2014,1,18,17,30,133,67,347,1.3083086013793943,15.615686035156275,79.06480954192713
426,2014,1,18,18,30,0,0,0,1.775139570236206,13.917382812500026,91.90644832388979
427,2014,1,18,19,30,0,0,0,1.9459786415100095,12.964501953125026,105.20592399151245
428,2014,1,18,20,30,0,0,0,1.8551316261291504,11.805993652343775,118.80128594056549
429,2014,1,18,21,30,0,0,0,1.726318359375,10.566979980468775,132.59131549877577
430,2014,1,18,22,30,0,0,0,1.76662278175354,9.60088500976565,146.5089993144578
431,2014,1,18,23,30,0,0,0,1.9421310424804688,8.673730468750023,160.5066887158699
432,2014,1,19,0,30,0,0,0,2.0141010284423833,7.832727050781273,174.54656228174045
433,2014,1,19,1,30,0,0,0,1.9265797138214111,7.368249511718773,171.39608993463037
434,2014,1,19,2,30,0,0,0,1.8174179792404173,7.196923828125023,157.3606073442288
435,2014,1,19,3,30,0,0,0,1.5376274585723877,7.076318359375023,143.373820157985
436,2014,1,19,4,30,0,0,0,1.206820011138916,6.912316894531273,129.4746051627621
437,2014,1,19,5,30,0,0,0,1.132525086402893,6.757073974609398,115.71368061071863
438,2014,1,19,6,30,0,0,0,1.3332805633544922,7.031884765625023,102.1635688522056
439,2014,1,19,7,30,8,7,57,1.6271822452545166,9.15325317382815,88.9322486418151
440,2014,1,19,8,30,170,82,366,1.80546236038208,13.04766235351565,76.20976297558354
441,2014,1,19,9,30,442,78,838,1.87850284576416,16.789056396484398,64.29941430760464
442,2014,1,19,10,30,638,90,927,1.8436102867126465,19.380273437500023,53.75822314880806
443,2014,1,19,11,30,776,96,970,1.749807596206665,20.961724853515648,45.556114968304776
444,2014,1,19,12,30,731,328,534,1.6783379316329956,21.839440917968773,41.123956042065906
445,2014,1,19,13,30,590,391,266,1.6782535314559937,22.000817871093773,41.68527108815394
446,2014,1,19,14,30,427,348,115,1.8110592365264893,21.444055175781273,47.06169328647968
447,2014,1,19,15,30,383,275,193,2.1835284233093257,20.128167724609398,55.87791780922471
448,2014,1,19,16,30,363,88,698,2.783911228179932,17.820336914062523,66.78129661016798
449,2014,1,19,17,30,166,43,642,3.4284019470214844,14.6108337402344,78.9058959404998
450,2014,1,19,18,30,0,0,0,3.7997660636901855,11.7299743652344,91.76381002636448
451,2014,1,19,19,30,0,0,0,3.759209156036377,9.81658325195315,105.077342718974
452,2014,1,19,20,30,0,0,0,3.551262617111206,8.583459472656273,118.68503081586776
453,2014,1,19,21,30,0,0,0,3.3212862014770512,7.846185302734398,132.48608088017528
454,2014,1,19,22,30,0,0,0,3.025153160095215,7.506646728515648,146.4137467133926
455,2014,1,19,23,30,0,0,0,2.6317479610443115,7.624566650390648,160.4202273191227
456,2014,1,20,0,30,0,0,0,2.2092161178588867,7.904016113281273,174.462673030186
457,2014,1,20,1,30,0,0,0,1.8958297967910769,7.891534423828148,171.45358322981727
458,2014,1,20,2,30,0,0,0,1.7917525768280032,7.305627441406273,157.41199909992795
459,2014,1,20,3,30,0,0,0,1.856788992881775,6.673944091796898,143.4153425311339
460,2014,1,20,4,30,0,0,0,1.9464974403381348,6.490136718750023,129.50469800984195
461,2014,1,20,5,30,0,0,0,1.9609068632125852,6.431665039062523,115.73061575825342
462,2014,1,20,6,30,0,0,0,1.84544038772583,6.809045410156273,102.16500656419191
463,2014,1,20,7,30,8,7,59,1.5015556812286377,9.283654785156275,88.91487922510255
464,2014,1,20,8,30,210,58,634,1.0685884952545166,13.69207153320315,76.16876650115519
465,2014,1,20,9,30,441,78,833,1.0840722322463991,17.670251464843773,64.22797604763838
466,2014,1,20,10,30,636,90,922,1.50311279296875,20.072717285156273,53.64740214294007
467,2014,1,20,11,30,775,96,966,1.8895325660705569,21.317071533203148,45.39762621671568
468,2014,1,20,12,30,843,99,984,2.1573348045349117,21.986566162109398,40.92014371962371
469,2014,1,20,13,30,835,99,982,2.325387477874756,22.121423339843773,41.45888435453785
470,2014,1,20,14,30,752,95,960,2.4576330184936523,21.688653564453148,46.841072298746404
471,2014,1,20,15,30,601,86,912,2.529087781906128,20.656549072265648,55.67711740756744
472,2014,1,20,16,30,398,72,820,2.416161060333252,18.795373535156273,66.60236418269977
473,2014,1,20,17,30,170,44,648,2.1629047393798833,16.346826171875026,78.74664189754252
474,2014,1,20,18,30,0,0,0,1.940636396408081,14.6712585449219,91.62140842299326
475,2014,1,20,19,30,0,0,0,1.7675518989562988,13.89190063476565,104.94939305916624
476,2014,1,20,20,30,0,0,0,1.602064847946167,13.119409179687526,118.56965423889535
477,2014,1,20,21,30,0,0,0,1.4789531230926514,12.310998535156275,132.38181728214366
478,2014,1,20,22,30,0,0,0,1.4525671005249023,11.526025390625026,146.3193184502096
479,2014,1,20,23,30,0,0,0,1.4953866004943848,10.7757507324219,160.33381004603208
480,2014,1,21,0,30,0,0,0,1.5299335718154907,10.038171386718775,174.37305845232564
481,2014,1,21,1,30,0,0,0,1.5129387378692627,9.3150573730469,171.5022486391232
482,2014,1,21,2,30,0,0,0,1.4499144554138184,8.643762207031273,157.45803913145926
483,2014,1,21,3,30,0,0,0,1.3519201278686523,8.040063476562523,143.45214945873113
484,2014,1,21,4,30,0,0,0,1.2464605569839478,7.502526855468773,129.53023459894234
485,2014,1,21,5,30,0,0,0,1.3143818378448486,7.049615478515648,115.74297649696057
486,2014,1,21,6,30,0,0,0,1.7698432207107544,7.243280029296898,102.16175315871305
487,2014,1,21,7,30,8,7,60,2.394172191619873,9.456262207031275,88.89263072060481
488,2014,1,21,8,30,210,59,632,3.167440176010132,13.194299316406275,76.12262247359985
489,2014,1,21,9,30,440,78,829,4.2392868995666495,16.370538330078148,64.15104589916271
490,2014,1,21,10,30,634,90,916,4.98189115524292,18.287957763671894,53.530668731056544
491,2014,1,21,11,30,772,97,958,5.12450122833252,19.313012695312523,45.23281505166644
492,2014,1,21,12,30,839,100,976,5.046609878540039,19.694390869140648,40.70998044556529
493,2014,1,21,13,30,831,99,973,4.922842025756836,19.416345214843773,41.22706716890505
494,2014,1,21,14,30,748,95,951,4.891561031341553,18.574548339843773,46.61666556507763
495,2014,1,21,15,30,599,87,903,4.956307411193848,17.165551757812526,55.47409915602174
496,2014,1,21,16,30,398,72,813,4.957958221435547,15.008447265625026,66.42238239732725
497,2014,1,21,17,30,172,44,643,4.840977668762207,12.2708679199219,78.5871504564177
498,2014,1,21,18,30,0,0,0,4.738583564758301,9.896264648437525,91.47932684071013
499,2014,1,21,19,30,0,0,0,4.608782768249512,8.259362792968773,104.822136941524
500,2014,1,21,20,30,0,0,0,4.3415117263793945,6.965722656250023,118.45519422539805
501,2014,1,21,21,30,0,0,0,4.0214858055114755,5.933374023437523,132.27853352235314
502,2014,1,21,22,30,0,0,0,3.663536548614502,5.163262939453149,146.22568174624502
503,2014,1,21,23,30,0,0,0,3.271846055984497,4.623223876953149,160.247326591512
504,2014,1,22,0,30,0,0,0,2.885176181793213,4.303063964843774,174.2774337005484
505,2014,1,22,1,30,0,0,0,2.5336854457855225,4.264428710937524,171.54147456311742
506,2014,1,22,2,30,0,0,0,2.25028657913208,4.551446533203149,157.49850308692234
507,2014,1,22,3,30,0,0,0,2.0701498985290527,5.074151611328149,143.4841053232786
508,2014,1,22,4,30,0,0,0,1.9780244827270508,5.631463623046898,129.5511241736845
509,2014,1,22,5,30,0,0,0,1.900815486907959,6.034387207031273,115.75070305319046
510,2014,1,22,6,30,0,0,0,1.7841734886169434,6.653558349609398,102.15377435307886
511,2014,1,22,7,30,8,7,60,1.585554838180542,9.192834472656275,88.86549212291362
512,2014,1,22,8,30,207,58,618,1.3866972923278809,13.3869567871094,76.07134276594883
513,2014,1,22,9,30,434,78,814,1.372696042060852,17.229943847656273,64.068658117451
514,2014,1,22,10,30,628,89,902,1.5727897882461548,20.024377441406273,53.408077291661556
515,2014,1,22,11,30,765,96,947,1.8486249446868896,21.711206054687523,45.06174969947149
516,2014,1,22,12,30,834,99,965,2.072272777557373,22.374200439453148,40.49354428612781
517,2014,1,22,13,30,827,99,964,2.207221031188965,22.177575683593773,40.989919682247354
518,2014,1,22,14,30,746,95,944,2.1905956268310547,21.538293457031273,46.388598146296616
519,2014,1,22,15,30,598,87,897,1.9402101039886477,20.548760986328148,55.26899347435496
520,2014,1,22,16,30,398,73,807,1.4083832502365112,19.175408935546894,66.24147077218478
521,2014,1,22,17,30,173,45,636,0.7897785305976868,17.102929687500026,78.42752319730073
522,2014,1,22,18,30,0,0,0,0.6989914178848267,15.4046569824219,91.33764639804096
523,2014,1,22,19,30,0,0,0,1.2479267120361328,14.685327148437526,104.69563354542446
524,2014,1,22,20,30,0,0,0,2.0457756519317627,14.0093933105469,118.34168564253294
525,2014,1,22,21,30,0,0,0,2.79978609085083,13.2746520996094,132.1762349803939
526,2014,1,22,22,30,0,0,0,3.2636966705322266,12.4598327636719,146.13280023352684
527,2014,1,22,23,30,0,0,0,3.436651468276977,11.9484802246094,160.1606635737484
528,2014,1,23,0,30,0,0,0,3.4087734222412114,11.8322692871094,174.1755409675386
529,2014,1,23,1,30,0,0,0,3.2828080654144287,11.4863220214844,171.57066728988408
530,2014,1,23,2,30,0,0,0,3.0846753120422363,11.02385864257815,157.53317084979054
531,2014,1,23,3,30,0,0,0,2.82133150100708,10.7451110839844,143.51107846490146
532,2014,1,23,4,30,0,0,0,2.5783026218414307,10.523156738281275,129.56727996751104
533,2014,1,23,5,30,0,0,0,2.3651833534240723,10.35100708007815,115.75373967890063
534,2014,1,23,6,30,0,0,0,2.202259063720703,10.364282226562525,102.14103989610105
535,2014,1,23,7,30,8,7,57,2.0188250541687007,11.2897888183594,88.83345639740514
536,2014,1,23,8,30,207,62,602,2.015787124633789,13.5222106933594,76.01494315241044
537,2014,1,23,9,30,436,84,802,2.245507001876831,16.620019531250026,63.98085068094342
538,2014,1,23,10,30,631,97,893,2.463890790939331,19.349359130859398,53.27968560156744
539,2014,1,23,11,30,770,105,939,2.5612072944641118,20.879754638671894,44.884501197414934
540,2014,1,23,12,30,840,108,958,2.4489402770996094,21.619744873046894,40.270915407230376
541,2014,1,23,13,30,834,108,958,2.215397357940674,21.818475341796894,40.747544053662
542,2014,1,23,14,30,753,104,937,1.9233258962631223,21.548120117187523,46.1569968845511
543,2014,1,23,15,30,604,95,888,1.6226233243942259,20.895440673828148,55.06193147072747
544,2014,1,23,16,30,401,80,792,1.3373255729675293,19.667932128906273,66.059748262019
545,2014,1,23,17,30,174,51,605,1.082539439201355,17.826715087890648,78.2678601409494
546,2014,1,23,18,30,0,0,0,0.9097644686698914,16.458489990234398,91.19644593728742
547,2014,1,23,19,30,0,0,0,0.950285255908966,15.835046386718775,104.56993926722092
548,2014,1,23,20,30,0,0,0,1.441077470779419,15.158044433593775,118.2291602153967
549,2014,1,23,21,30,0,0,0,2.338008165359497,14.159875488281275,132.07492365167423
550,2014,1,23,22,30,0,0,0,3.2713208198547363,12.7684265136719,146.04063407638756
551,2014,1,23,23,30,0,0,0,3.9436230659484863,11.311791992187526,160.07370481832942
552,2014,1,24,0,30,0,0,0,4.3235063552856445,10.49224243164065,174.06715084185754
553,2014,1,24,1,30,0,0,0,4.438558578491211,10.3743835449219,171.5892589586738
554,2014,1,24,2,30,0,0,0,4.265818119049071,10.2530456542969,157.5618273951745
555,2014,1,24,3,30,0,0,0,4.036172389984132,9.896569824218775,143.53294152907026
556,2014,1,24,4,30,0,0,0,3.9446463584899902,9.508813476562525,129.57861939089662
557,2014,1,24,5,30,0,0,0,3.9331557750701904,9.164880371093775,115.75203475721595
558,2014,1,24,6,30,0,0,0,3.952359676361084,9.019311523437525,102.12352362126715
559,2014,1,24,7,30,9,7,61,4.135833740234375,9.648706054687525,88.79652049734163
560,2014,1,24,8,30,210,62,607,4.321192741394043,11.5490661621094,75.95344329690394
561,2014,1,24,9,30,440,85,808,4.208653450012207,14.25274047851565,63.887665261997796
562,2014,1,24,10,30,637,98,899,3.832770824432373,16.975305175781273,53.14555479862115
563,2014,1,24,11,30,777,106,944,3.3087286949157715,19.346002197265648,44.701143350525314
564,2014,1,24,12,30,846,109,962,2.730356216430664,21.115197753906273,40.042176018062186
565,2014,1,24,13,30,839,109,960,2.1760995388031006,22.010522460937523,40.50004440017377
566,2014,1,24,14,30,757,104,937,1.895545959472656,21.732598876953148,45.92199033736462
567,2014,1,24,15,30,607,96,888,2.02202582359314,20.488824462890648,54.85304483937232
568,2014,1,24,16,30,404,80,792,2.448720693588257,18.706231689453148,65.8773331470029
569,2014,1,24,17,30,176,52,605,3.033872365951538,16.251550292968773,78.108259654573
570,2014,1,24,18,30,0,0,0,3.473158359527588,13.684045410156275,91.05580196014836
571,2014,1,24,19,30,0,0,0,3.5520143508911133,11.450952148437526,104.44510769106438
572,2014,1,24,20,30,0,0,0,3.442075252532959,9.5318542480469,118.1176465376022
573,2014,1,24,21,30,0,0,0,3.2947263717651367,8.238366699218773,131.9745982052172
574,2014,1,24,22,30,0,0,0,3.054325580596924,7.519006347656273,145.94914009644222
575,2014,1,24,23,30,0,0,0,2.696301221847534,7.210748291015648,159.98633164947427
576,2014,1,25,0,30,0,0,0,2.299865961074829,7.139184570312523,173.9520632013398
577,2014,1,25,1,30,0,0,0,1.913341999053955,7.195611572265648,171.59671565446928
578,2014,1,25,2,30,0,0,0,1.4972985982894895,7.319909667968773,157.5842636537163
579,2014,1,25,3,30,0,0,0,1.1285946369171145,7.481591796875023,143.5495718089246
580,2014,1,25,4,30,0,0,0,0.9011460542678832,7.643457031250023,129.5850642116749
581,2014,1,25,5,30,0,0,0,0.7404216527938843,7.730737304687523,115.7455409012663
582,2014,1,25,6,30,0,0,0,0.5963281393051147,8.268640136718773,102.10120349392912
583,2014,1,25,7,30,3,3,0,0.4867033362388611,10.75017700195315,88.7546853762869
584,2014,1,25,8,30,164,90,300,0.4421948194503784,15.33269653320315,75.88686673746108
585,2014,1,25,9,30,293,205,198,0.7780384421348572,19.849938964843773,63.78914719479022
586,2014,1,25,10,30,571,211,597,1.2678320407867432,22.449151611328148,53.00574934266785
587,2014,1,25,11,30,777,106,940,1.5368459224700928,23.434320068359398,44.51175268754889
588,2014,1,25,12,30,846,109,959,1.7526938915252686,23.600213623046894,39.807410314084684
589,2014,1,25,13,30,763,308,596,1.969520568847656,22.978784179687523,40.247526746812774
590,2014,1,25,14,30,686,253,619,2.1873598098754883,21.732019042968773,45.68370871118889
591,2014,1,25,15,30,607,96,883,2.365194797515869,20.372644042968773,54.642465757128896
592,2014,1,25,16,30,405,81,787,2.43678879737854,18.782189941406273,65.69434292222033
593,2014,1,25,17,30,178,52,600,2.496649265289306,16.770898437500026,77.94881836007262
594,2014,1,25,18,30,0,0,0,2.583315372467041,15.1596618652344,90.9125846731135
595,2014,1,25,19,30,0,0,0,2.5860791206359863,14.03154907226565,104.32118956370373
596,2014,1,25,20,30,0,0,0,2.534329652786255,12.9245544433594,118.00717008577598
597,2014,1,25,21,30,0,0,0,2.4846436977386475,11.93682250976565,131.87525404490015
598,2014,1,25,22,30,0,0,0,2.425555229187012,11.160607910156275,145.85827190105826
599,2014,1,25,23,30,0,0,0,2.3465335369110107,10.574182128906275,159.8984231881457
600,2014,1,26,0,30,0,0,0,2.2441906929016118,10.1400085449219,173.83010763975025
601,2014,1,26,1,30,0,0,0,2.0951585769653316,9.830102539062525,171.59254535685687
602,2014,1,26,2,30,0,0,0,1.9547270536422732,9.63091430664065,157.60027737647684
603,2014,1,26,3,30,0,0,0,1.8869757652282717,9.49907836914065,143.56085158068606
604,2014,1,26,4,30,0,0,0,1.8999313116073608,9.319665527343775,129.5865407278061
605,2014,1,26,5,30,0,0,0,1.9710257053375244,9.030419921875025,115.73421504597789
606,2014,1,26,6,30,0,0,0,2.0752806663513184,9.25859985351565,102.07406165246346
607,2014,1,26,7,30,9,8,68,2.0389320850372314,11.534326171875026,88.70795599561113
608,2014,1,26,8,30,212,63,609,1.8041548728942869,15.45940551757815,75.81524086671966
609,2014,1,26,9,30,443,85,808,1.708289623260498,19.231469726562523,63.68534544031472
610,2014,1,26,10,30,640,98,897,1.8730545043945312,21.891046142578148,52.860336974855315
611,2014,1,26,11,30,780,106,942,2.109018087387085,23.283319091796894,44.31640841631675
612,2014,1,26,12,30,850,110,960,2.3132343292236333,23.859155273437523,39.56670441955559
613,2014,1,26,13,30,844,109,958,2.466866970062256,23.792718505859398,39.9900989771844
614,2014,1,26,14,30,762,105,936,2.5420312881469727,23.153588867187523,45.4422837943619
615,2014,1,26,15,30,613,96,887,2.5282797813415527,21.979730224609398,54.4303267791056
616,2014,1,26,16,30,410,81,793,2.412273406982422,20.066247558593773,65.51089418766729
617,2014,1,26,17,30,182,53,609,2.3502068519592285,17.520257568359398,77.789631044509
618,2014,1,26,18,30,0,0,0,2.482490539550781,15.649926757812526,90.77269858910692
619,2014,1,26,19,30,0,0,0,2.6464052200317383,14.72918090820315,104.19823277327387
620,2014,1,26,20,30,0,0,0,2.6966228485107417,13.92388305664065,117.897753237947
621,2014,1,26,21,30,0,0,0,2.6448352336883545,13.107873535156275,131.77688337434898
622,2014,1,26,22,30,0,0,0,2.5657615661621094,12.27202758789065,145.76798001526467
623,2014,1,26,23,30,0,0,0,2.473608016967773,11.413354492187526,159.80985665671895
624,2014,1,27,0,30,0,0,0,2.3365743160247803,10.560388183593775,173.70114343985017
625,2014,1,27,1,30,0,0,0,2.159141540527344,9.7809997558594,171.57630544181978
626,2014,1,27,2,30,0,0,0,1.977770566940308,9.12969360351565,157.6096739933669
627,2014,1,27,3,30,0,0,0,1.8496336936950684,8.628564453125023,143.56666843011968
628,2014,1,27,4,30,0,0,0,1.7899104356765747,8.225183105468773,129.58297993179724
629,2014,1,27,5,30,0,0,0,1.7474493980407717,7.880609130859398,115.71801853278336
630,2014,1,27,6,30,0,0,0,1.7147232294082642,8.226831054687523,102.04208444319632
631,2014,1,27,7,30,10,8,74,1.6734340190887451,10.826867675781275,88.65634132729829
632,2014,1,27,8,30,217,64,622,1.6253905296325684,15.026025390625026,75.73859690834631
633,2014,1,27,9,30,452,86,821,1.9020433425903318,18.964624023437523,63.57631254854443
634,2014,1,27,10,30,652,100,911,2.2916903495788574,21.729913330078148,52.70938867539818
635,2014,1,27,11,30,793,107,955,2.446340084075928,23.196160888671894,44.11519237857512
636,2014,1,27,12,30,864,111,973,2.545379638671875,23.920861816406273,39.32014632965594
637,2014,1,27,13,30,857,111,970,2.6192607879638667,23.963037109375023,39.727870784485454
638,2014,1,27,14,30,774,106,948,2.6836466789245605,23.394219970703148,45.19784888953181
639,2014,1,27,15,30,623,97,898,2.7150859832763667,22.186517333984398,54.21676073336223
640,2014,1,27,16,30,418,82,802,2.6503560543060303,20.149438476562523,65.32710253899596
641,2014,1,27,17,30,186,54,617,2.5780601501464844,17.582635498046898,77.6307905731218
642,2014,1,27,18,30,0,0,0,2.573151111602783,15.921289062500026,90.63333804284684
643,2014,1,27,19,30,0,0,0,2.584157943725586,15.2115417480469,104.0762823317758
644,2014,1,27,20,30,0,0,0,2.5846881866455083,14.383264160156275,117.78941529568293
645,2014,1,27,21,30,0,0,0,2.5805258750915527,13.426599121093775,131.6794752652637
646,2014,1,27,22,30,0,0,0,2.5625529289245605,12.463769531250026,145.67821201692757
647,2014,1,27,23,30,0,0,0,2.491430759429932,11.5521179199219,159.72050769008317
648,2014,1,28,0,30,0,0,0,2.3729052543640137,10.70745239257815,173.56505912147102
649,2014,1,28,1,30,0,0,0,2.1833219528198238,9.868310546875025,171.5476094293232
650,2014,1,28,2,30,0,0,0,1.995920181274414,9.0726257324219,157.61226745752413
651,2014,1,28,3,30,0,0,0,1.9109941720962524,8.428338623046898,143.56691556859357
652,2014,1,28,4,30,0,0,0,1.86956787109375,7.929193115234398,129.57431766641605
653,2014,1,28,5,30,0,0,0,1.8087091445922847,7.720697021484398,115.69691718676519
654,2014,1,28,6,30,0,0,0,1.7228337526321411,8.435937500000023,102.00526244923756
655,2014,1,28,7,30,10,8,75,1.6076054573059082,10.336083984375025,88.5998543518702
656,2014,1,28,8,30,214,63,609,1.6086156368255615,13.413781738281275,75.6569698897359
657,2014,1,28,9,30,446,86,806,1.972673177719116,17.482019042968773,63.4621046180443
658,2014,1,28,10,30,644,99,895,2.4141221046447754,20.627343750000023,52.55297861993628
659,2014,1,28,11,30,784,107,940,2.6810121536254883,22.143151855468773,43.908189004435826
660,2014,1,28,12,30,855,111,958,2.875246524810791,22.832147216796894,39.06782585233786
661,2014,1,28,13,30,849,110,956,2.9626264572143555,22.835443115234398,39.460953623132944
662,2014,1,28,14,30,767,106,934,2.9278721809387207,22.419305419921894,44.95053874542591
663,2014,1,28,15,30,222,212,16,2.8365206718444824,21.676629638671894,54.00190061451504
664,2014,1,28,16,30,350,147,481,2.595521688461304,20.266320800781273,65.1430824590265
665,2014,1,28,17,30,139,86,242,2.426713228225708,18.240350341796894,77.47238780482883
666,2014,1,28,18,30,0,0,0,2.63226056098938,16.752984619140648,90.49525150342396
667,2014,1,28,19,30,0,0,0,2.9914300441741943,15.87786254882815,103.95538036173063
668,2014,1,28,20,30,0,0,0,3.270632266998291,14.809899902343775,117.68217251021409
669,2014,1,28,21,30,0,0,0,3.3677425384521484,13.597192382812526,131.58301572914309
670,2014,1,28,22,30,0,0,0,3.2805881500244136,12.466516113281275,145.58891267538894
671,2014,1,28,23,30,0,0,0,3.0771055221557617,11.4155212402344,159.630250652769
672,2014,1,29,0,30,0,0,0,2.873909950256348,10.3622985839844,173.42177160683082
673,2014,1,29,1,30,0,0,0,2.7305357456207275,9.3531433105469,171.5061326858654
674,2014,1,29,2,30,0,0,0,2.546854019165039,9.077416992187525,157.60788106744317
675,2014,1,29,3,30,0,0,0,2.229156017303467,9.1967712402344,143.56149213683162
676,2014,1,29,4,30,0,0,0,1.933166027069092,8.9234558105469,129.5604947707207
677,2014,1,29,5,30,0,0,0,1.696946382522583,8.622369384765648,115.6708813859968
678,2014,1,29,6,30,0,0,0,1.491639256477356,8.622003173828148,101.96359051280035
679,2014,1,29,7,30,11,9,84,1.403156042098999,9.73308715820315,88.53851205140793
680,2014,1,29,8,30,222,65,629,1.4613351821899414,12.685876464843775,75.57039861068743
681,2014,1,29,9,30,458,87,826,1.8210004568099976,16.547967529296898,63.34278125275176
682,2014,1,29,10,30,658,101,914,2.2735271453857417,19.616601562500023,52.39118413441947
683,2014,1,29,11,30,800,108,956,2.6202125549316406,21.507531738281273,43.6954852665128
684,2014,1,29,12,30,871,112,973,3.0385866165161133,22.511743164062523,38.80983454993847
685,2014,1,29,13,30,864,112,970,3.4690043926239014,22.728417968750023,39.18946066110259
686,2014,1,29,14,30,781,107,947,3.760521411895752,22.306115722656273,44.70048948801717
687,2014,1,29,15,30,629,98,898,3.829607963562012,21.226281738281273,53.785879476590345
688,2014,1,29,16,30,424,83,804,3.447065830230713,19.325738525390648,64.95894721027986
689,2014,1,29,17,30,167,74,425,2.6730661392211914,17.053735351562526,77.31451151042103
690,2014,1,29,18,30,0,0,0,1.9801238775253296,15.602380371093775,90.3586588635454
691,2014,1,29,19,30,0,0,0,1.5872130393981934,14.7844177246094,103.83556608654774
692,2014,1,29,20,30,0,0,0,1.5901432037353516,13.9289489746094,117.576038112028
693,2014,1,29,21,30,0,0,0,1.9915764331817627,13.125756835937526,131.487487792345
694,2014,1,29,22,30,0,0,0,2.5345659255981445,12.234582519531275,145.50002409331728
695,2014,1,29,23,30,0,0,0,2.9670505523681636,11.17827758789065,159.5389589614139
696,2014,1,30,0,30,0,0,0,3.182439088821411,10.122583007812525,173.27122505457905
697,2014,1,30,1,30,0,0,0,3.178999900817871,9.254846191406275,171.4516168321399
698,2014,1,30,2,30,0,0,0,2.931458711624145,9.0781188964844,157.5963482592371
699,2014,1,30,3,30,0,0,0,2.4398794174194336,9.3221374511719,143.55030349479918
700,2014,1,30,4,30,0,0,0,1.9756505489349363,9.251977539062525,129.54145721615066
701,2014,1,30,5,30,0,0,0,1.6458871364593506,9.047631835937525,115.63988612318241
702,2014,1,30,6,30,0,0,0,1.357417345046997,9.0900817871094,101.91706775145376
703,2014,1,30,7,30,12,10,88,1.1392133235931396,10.26519165039065,88.47233539787851
704,2014,1,30,8,30,223,65,630,1.1323752403259275,12.89568481445315,75.47892560856317
705,2014,1,30,9,30,461,88,829,1.3421247005462646,16.277337646484398,63.21840551639869
706,2014,1,30,10,30,664,101,919,1.4787962436676023,19.127832031250023,52.22408564882218
707,2014,1,30,11,30,809,109,964,1.466413497924805,20.995904541015648,43.47717063392902
708,2014,1,30,12,30,882,113,983,1.4422926902770996,22.239221191406273,38.546265680708814
709,2014,1,30,13,30,877,113,981,1.4569575786590576,22.687890625000023,38.91350673296382
710,2014,1,30,14,30,794,109,959,1.5112704038619995,22.425164794921894,44.447838550908536
711,2014,1,30,15,30,641,100,911,1.5621106624603271,21.463128662109398,53.568830324733426
712,2014,1,30,16,30,434,85,819,1.631806254386902,19.589105224609398,64.77480872836938
713,2014,1,30,17,30,198,57,636,1.813427686691284,17.064233398437526,77.15724829347849
714,2014,1,30,18,30,0,0,0,1.9984354972839355,15.294519042968775,90.22301716295185
715,2014,1,30,19,30,0,0,0,2.0942254066467285,14.4777770996094,103.7168758247058
716,2014,1,30,20,30,0,0,0,2.1667733192443848,13.6762634277344,117.47102234424969
717,2014,1,30,21,30,0,0,0,2.2820603847503658,12.7967468261719,131.3928715743756
718,2014,1,30,22,30,0,0,0,2.4438855648040767,11.867822265625026,145.41148585172414
719,2014,1,30,23,30,0,0,0,2.563172578811645,10.9351745605469,159.44650541219988
720,2014,1,31,0,30,0,0,0,2.5873615741729736,10.028039550781275,173.11338942119113
721,2014,1,31,1,30,0,0,0,2.535630702972412,9.157678222656275,171.38387266640143
722,2014,1,31,2,30,0,0,0,2.432079792022705,8.382623291015648,157.57751336050052
723,2014,1,31,3,30,0,0,0,2.2758469581604004,7.777337646484398,143.5332614961008
724,2014,1,31,4,30,0,0,0,2.0829412937164307,7.321618652343773,129.5171562321097
725,2014,1,31,5,30,0,0,0,1.897932291030884,6.962792968750023,115.60391105908128
726,2014,1,31,6,30,0,0,0,1.7499639987945557,7.391839599609398,101.8656975679054
727,2014,1,31,7,30,13,10,96,1.5952599048614502,10.13677368164065,88.40134933656431
728,2014,1,31,8,30,227,66,639,1.475719690322876,14.578759765625026,75.38259711969876
729,2014,1,31,9,30,467,89,836,1.7106292247772217,18.825097656250023,63.08904388441782
730,2014,1,31,10,30,671,102,924,2.0487489700317383,21.741204833984398,52.051766649683415
731,2014,1,31,11,30,815,110,968,2.2052454948425293,23.308374023437523,43.253337026270025
732,2014,1,31,12,30,886,114,984,2.3655998706817627,24.214624023437523,38.277214140306356
733,2014,1,31,13,30,879,113,980,2.49566912651062,24.480981445312523,38.63320829379912
734,2014,1,31,14,30,794,109,956,2.587398052215576,24.100396728515648,44.19272460501561
735,2014,1,31,15,30,503,260,407,2.609529972076416,23.068963623046894,53.35088600614244
736,2014,1,31,16,30,383,122,609,2.529984951019287,21.134057617187523,64.5907775165538
737,2014,1,31,17,30,182,54,567,2.4893012046813965,18.492150878906273,77.00068251406158
738,2014,1,31,18,30,0,0,0,2.539374828338623,16.637994384765648,90.08838565722398
739,2014,1,31,19,30,0,0,0,2.609485626220703,15.7460876464844,103.59934298792044
740,2014,1,31,20,30,0,0,0,2.7133936882019043,14.8259216308594,117.36713249958132
741,2014,1,31,21,30,0,0,0,2.87177848815918,13.812219238281275,131.29914436935982
742,2014,1,31,22,30,0,0,0,3.0501062870025635,12.82988891601565,145.32323515815386
743,2014,1,31,23,30,0,0,0,3.1714425086975098,11.940332031250026,159.35276251239011
744,2014,2,1,0,30,0,0,0,3.1737265586853027,11.11785278320315,172.9482588107435
745,2014,2,1,1,30,0,0,0,3.0729167461395264,10.386499023437525,171.30278149220914
746,2014,2,1,2,30,0,0,0,2.8932926654815674,9.785607910156275,157.55123229819432
747,2014,2,1,3,30,0,0,0,2.669494152069092,9.3135925292969,143.51028474521613
748,2014,2,1,4,30,0,0,0,2.490194320678711,8.9379821777344,129.48754842039963
749,2014,2,1,5,30,0,0,0,2.4095191955566406,8.614678955078148,115.56294056787209
750,2014,2,1,6,30,0,0,0,2.432765007019043,9.05657348632815,101.80948765365132
751,2014,2,1,7,30,9,8,34,2.3788166046142583,11.68853149414065,88.32558276480701
752,2014,2,1,8,30,163,99,248,2.4340991973876958,15.834375000000026,75.28146303733244
753,2014,2,1,9,30,463,88,824,2.730994462966919,19.490014648437523,62.95476619356117
754,2014,2,1,10,30,665,102,911,2.9376103878021236,22.086846923828148,51.874313631542904
755,2014,2,1,11,30,807,110,953,3.0201854705810547,23.781365966796894,43.024078767633206
756,2014,2,1,12,30,878,113,970,3.066691875457764,24.68197021484377,38.002776403344
757,2014,2,1,13,30,871,113,966,3.0845606327056885,24.850000000000023,38.34868337400727
758,2014,2,1,14,30,788,109,942,3.119175434112549,24.259942626953148,43.93528748733731
759,2014,2,1,15,30,636,100,894,3.192817687988281,22.943353271484398,53.132179099967594
760,2014,2,1,16,30,349,163,430,3.1533362865448,20.778680419921894,64.40696254150998
761,2014,2,1,17,30,198,58,618,3.1474478244781494,17.954797363281273,76.84489621536143
762,2014,2,1,18,30,0,0,0,3.292006492614746,15.823327636718775,89.95482085520365
763,2014,2,1,19,30,0,0,0,3.4002387523651123,14.606164550781275,103.48299808303898
764,2014,2,1,20,30,0,0,0,3.4939446449279785,13.49736938476565,117.26437296075636
765,2014,2,1,21,30,0,0,0,3.571657657623291,12.429772949218775,131.2062807306755
766,2014,2,1,22,30,0,0,0,3.5723481178283687,11.447229003906275,145.23520699802896
767,2014,2,1,23,30,0,0,0,3.5012454986572266,10.587060546875025,159.25760281539448
768,2014,2,2,0,30,0,0,0,3.3957185745239262,9.85711059570315,172.77584967402913
769,2014,2,2,1,30,0,0,0,3.292351722717285,9.2220397949219,171.20829482539733
770,2014,2,2,2,30,0,0,0,3.1424851417541504,8.654229736328148,157.51737325282502
771,2014,2,2,3,30,0,0,0,2.958927631378174,8.160852050781273,143.4812988361632
772,2014,2,2,4,30,0,0,0,2.812655448913574,7.747338867187523,129.45259585812823
773,2014,2,2,5,30,0,0,0,2.6900367736816406,7.390252685546898,115.51696377405001
774,2014,2,2,6,30,0,0,0,2.59248948097229,7.794641113281273,101.74844998612656
775,2014,2,2,7,30,14,11,102,2.412672996520996,10.34270629882815,88.24506850584001
776,2014,2,2,8,30,226,66,626,2.3499069213867188,14.608239746093775,75.1755768659985
777,2014,2,2,9,30,464,89,821,2.5743207931518555,18.665429687500023,62.81564558917713
778,2014,2,2,10,30,667,102,911,2.722949504852295,21.554254150390648,51.69181604737324
779,2014,2,2,11,30,812,110,955,2.7223610877990723,23.425531005859398,42.789492540798015
780,2014,2,2,12,30,884,114,973,2.691980123519897,24.532159423828148,37.72305046507218
781,2014,2,2,13,30,879,114,971,2.588925361633301,24.859002685546894,38.06005153511131
782,2014,2,2,14,30,797,110,950,2.4191248416900635,24.42708740234377,43.675668128957156
783,2014,2,2,15,30,645,101,902,2.1872668266296387,23.252709960937523,52.912841806478795
784,2014,2,2,16,30,438,86,809,1.926674723625183,21.179437255859398,64.22347113049906
785,2014,2,2,17,30,203,58,627,1.7844750881195068,18.369897460937523,76.68996905346229
786,2014,2,2,18,30,0,0,0,1.7853636741638184,16.316705322265648,89.82237648498968
787,2014,2,2,19,30,0,0,0,1.909975528717041,15.327905273437526,103.36786871768034
788,2014,2,2,20,30,0,0,0,2.1823244094848637,14.403710937500026,117.162745244478
789,2014,2,2,21,30,0,0,0,2.57733154296875,13.3399597167969,131.11425255845057
790,2014,2,2,22,30,0,0,0,3.041756391525269,12.1081481933594,145.14733428871318
791,2014,2,2,23,30,0,0,0,3.447405338287353,10.95342407226565,159.16089925813094
792,2014,2,3,0,30,0,0,0,3.6830625534057617,10.1083923339844,172.59619891484473
793,2014,2,3,1,30,0,0,0,3.706212043762207,10.00798950195315,171.1004325427071
794,2014,2,3,2,30,0,0,0,3.43887710571289,10.4106384277344,157.47581725196915
795,2014,2,3,3,30,0,0,0,3.041771411895752,10.470910644531275,143.44623657131524
796,2014,2,3,4,30,0,0,0,2.7209837436676025,10.21550903320315,129.41226618890136
797,2014,2,3,5,30,0,0,0,2.4601917266845703,9.8808532714844,115.46597458111404
798,2014,2,3,6,30,0,0,0,2.220278263092041,9.80254516601565,101.68260081985056
799,2014,2,3,7,30,14,11,105,1.9294159412384035,11.0081726074219,88.15984327809406
800,2014,2,3,8,30,224,66,614,1.7252110242843628,14.473840332031275,75.06499567270204
801,2014,2,3,9,30,458,88,806,1.5812530517578125,18.999322509765648,62.67175847046542
802,2014,2,3,10,30,658,102,894,1.5009214878082275,22.553887939453148,51.504366258193606
803,2014,2,3,11,30,801,110,938,1.6642566919326782,24.298822021484398,42.54967734182495
804,2014,2,3,12,30,873,114,957,1.952974557876587,24.461450195312523,37.438135783295714
805,2014,2,3,13,30,869,113,955,2.27158260345459,23.818017578125023,37.76743382659317
806,2014,2,3,14,30,788,109,933,2.594794750213623,22.795098876953148,43.41400848187554
807,2014,2,3,15,30,637,100,885,2.831191062927246,21.730096435546894,52.6930058352201
808,2014,2,3,16,30,433,86,793,2.843613386154175,20.512078857421894,64.0404088698402
809,2014,2,3,17,30,201,59,612,2.882277011871338,18.553002929687523,76.5359782299837
810,2014,2,3,18,30,0,0,0,3.1063926219940186,16.637597656250026,89.69110346409454
811,2014,2,3,19,30,0,0,0,3.2685456275939937,15.437036132812526,103.25397960973193
812,2014,2,3,20,30,0,0,0,3.388392210006714,14.43084106445315,117.06224804871485
813,2014,2,3,21,30,0,0,0,3.5021071434021,13.5584655761719,131.0230291901495
814,2014,2,3,22,30,0,0,0,3.5389866828918457,12.819665527343775,145.05954803664264
815,2014,2,3,23,30,0,0,0,3.5251493453979488,12.10320434570315,159.06252550006874
816,2014,2,4,0,30,0,0,0,3.5143239498138428,11.347192382812526,172.4093619562959
817,2014,2,4,1,30,0,0,0,3.4712352752685547,11.012353515625025,170.9792796135496
818,2014,2,4,2,30,0,0,0,3.254944324493408,11.0589538574219,157.4264586967392
819,2014,2,4,3,30,0,0,0,2.992316722869873,10.9103942871094,143.4050381589134
820,2014,2,4,4,30,0,0,0,2.858881950378418,10.58635864257815,129.36653270163436
821,2014,2,4,5,30,0,0,0,2.805668354034424,10.303308105468775,115.40997169171335
822,2014,2,4,6,30,0,0,0,2.778319835662842,10.340966796875025,101.61196067125532
823,2014,2,4,7,30,16,12,118,2.7547807693481445,11.4188171386719,88.06994765969353
824,2014,2,4,8,30,234,67,642,2.9030611515045166,14.278283691406275,74.94978003477766
825,2014,2,4,9,30,476,90,837,3.352825164794922,17.957727050781273,62.523184433512995
826,2014,2,4,10,30,682,104,925,3.719645977020264,20.934533691406273,51.31205948177785
827,2014,2,4,11,30,828,112,968,3.7585735321044917,22.887811279296894,42.304734434961546
828,2014,2,4,12,30,901,116,985,3.642883777618408,23.96370849609377,37.14813322056693
829,2014,2,4,13,30,896,115,983,3.426305055618286,24.30208740234377,37.47095274383652
830,2014,2,4,14,30,812,111,960,3.1446666717529297,24.019189453125023,43.150451444866285
831,2014,2,4,15,30,658,102,912,2.857861995697021,23.044488525390648,52.47280229246085
832,2014,2,4,16,30,449,87,821,2.5565457344055176,21.091882324218773,63.85787950512603
833,2014,2,4,17,30,211,60,641,2.3034706115722656,18.372094726562523,76.38299842816754
834,2014,2,4,18,30,0,0,0,2.1439466476440434,16.430841064453148,89.56104987358603
835,2014,2,4,19,30,0,0,0,1.998924970626831,15.534387207031275,103.1413526004453
836,2014,2,4,20,30,0,0,0,1.8557523488998413,14.62920532226565,116.96287730330496
837,2014,2,4,21,30,0,0,0,1.7458269596099854,13.636010742187526,130.93257749392393
838,2014,2,4,22,30,0,0,0,1.708582043647766,12.635583496093775,144.97177749701078
839,2014,2,4,23,30,0,0,0,1.7442004680633545,11.6623474121094,158.96235626265243
840,2014,2,5,0,30,0,0,0,1.805032730102539,10.723413085937525,172.21541081326947
841,2014,2,5,1,30,0,0,0,1.8025777339935305,9.8272644042969,170.84498162144445
842,2014,2,5,2,30,0,0,0,1.71103036403656,9.0577331542969,157.36920581548213
843,2014,2,5,3,30,0,0,0,1.551887035369873,8.464959716796898,143.35765138840148
844,2014,2,5,4,30,0,0,0,1.3011126518249512,7.975152587890648,129.31537439707859
845,2014,2,5,5,30,0,0,0,0.9950645565986632,7.561914062500023,115.3489586194808
846,2014,2,5,6,30,0,0,0,0.7333707809448242,8.015222167968773,101.53655429752516
847,2014,2,5,7,30,17,12,120,0.6065828204154968,10.779138183593775,87.97542604844082
848,2014,2,5,8,30,232,67,629,0.8136771321296692,15.51531372070315,74.82999398469174
849,2014,2,5,9,30,470,90,819,1.1285935640335083,19.742944335937523,62.37000621251021
850,2014,2,5,10,30,672,103,905,1.2910749912261963,22.493066406250023,51.114993740745156
851,2014,2,5,11,30,815,111,948,1.4449610710144043,24.368798828125023,42.05476730816565
852,2014,2,5,12,30,887,115,965,1.5986969470977783,25.463311767578148,36.853144986764015
853,2014,2,5,13,30,882,115,962,1.7264051437377932,25.796044921875023,37.1707321872436
854,2014,2,5,14,30,799,110,940,1.7406268119812012,25.421807861328148,42.885140788099925
855,2014,2,5,15,30,648,102,891,1.5447349548339844,24.341668701171894,52.252361567767174
856,2014,2,5,16,30,441,87,799,1.0908085107803345,22.718194580078148,63.67598484291753
857,2014,2,5,17,30,207,60,617,0.8692551255226135,20.733728027343773,76.23110175202231
858,2014,2,5,18,30,0,0,0,1.427112102508545,19.146447753906273,89.43226093631246
859,2014,2,5,19,30,0,0,0,2.1609449386596684,17.900018310546898,103.03000667134908
860,2014,2,5,20,30,0,0,0,2.486281394958496,16.363061523437526,116.86462622390266
861,2014,2,5,21,30,0,0,0,2.520913600921631,14.8006530761719,130.84286196479835
862,2014,2,5,22,30,0,0,0,2.332305908203125,13.360864257812526,144.88395033608566
863,2014,2,5,23,30,0,0,0,1.981199026107788,12.21123657226565,158.86026766812842
864,2014,2,6,0,30,0,0,0,1.6010353565216064,11.38286743164065,172.0144322099739
865,2014,2,6,1,30,0,0,0,1.317573308944702,10.74004516601565,170.69773932651492
866,2014,2,6,2,30,0,0,0,1.1435384750366209,10.187768554687525,157.30398104000818
867,2014,2,6,3,30,0,0,0,1.113405466079712,9.713220214843775,143.30403178240078
868,2014,2,6,4,30,0,0,0,1.3010412454605105,9.291711425781275,129.25877604154238
869,2014,2,6,5,30,0,0,0,1.6044788360595703,8.9040466308594,115.2829436923184
870,2014,2,6,6,30,0,0,0,1.8146816492080688,9.335473632812525,101.45641066941704
871,2014,2,6,7,30,18,13,127,1.6845285892486572,11.878686523437526,87.87632661722445
872,2014,2,6,8,30,234,67,632,1.2737802267074585,15.99419555664065,74.7057049517453
873,2014,2,6,9,30,388,191,423,0.8638436198234558,20.059228515625023,62.21230961895387
874,2014,2,6,10,30,678,104,909,0.5356349349021912,23.224359130859398,50.913269809873114
875,2014,2,6,11,30,822,112,952,0.44184356927871693,25.098352050781273,41.799881629216046
876,2014,2,6,12,30,894,116,969,0.6405549049377441,25.874200439453148,36.553274582087305
877,2014,2,6,13,30,888,115,966,0.9478609561920166,25.873193359375023,36.86689742257365
878,2014,2,6,14,30,805,111,942,1.281212329864502,25.282830810546894,42.61822107650524
879,2014,2,6,15,30,652,102,893,1.6681307554244995,24.108666992187523,52.03181321990625
880,2014,2,6,16,30,445,87,800,2.279163122177124,21.939141845703148,63.494824654487154
881,2014,2,6,17,30,209,61,617,3.0971808433532715,18.716668701171894,76.08035766901357
882,2014,2,6,18,30,0,0,0,3.5969524383544917,15.778527832031275,89.3047789992182
883,2014,2,6,19,30,0,0,0,3.604030132293701,13.705224609375026,102.91995796468241
884,2014,2,6,20,30,0,0,0,3.40673303604126,12.000878906250026,116.76748536898776
885,2014,2,6,21,30,0,0,0,3.045748233795166,10.872521972656275,130.75384482344458
886,2014,2,6,22,30,0,0,0,2.471920728683472,10.38628540039065,144.7959927960007
887,2014,2,6,23,30,0,0,0,1.7274292707443235,10.349694824218775,158.75613757651757
888,2014,2,7,0,30,0,0,0,1.256089448928833,10.521142578125025,171.80652577360715
889,2014,2,7,1,30,0,0,0,1.545935869216919,10.750329589843775,170.53780254402955
890,2014,2,7,2,30,0,0,0,2.0868368148803706,10.728112792968775,157.23072130072418
891,2014,2,7,3,30,0,0,0,2.324185848236084,10.2860046386719,143.24414272467442
892,2014,2,7,4,30,0,0,0,2.33282470703125,9.7603698730469,129.19672820780517
893,2014,2,7,5,30,0,0,0,2.1938486099243164,9.33367309570315,115.21194004741888
894,2014,2,7,6,30,0,0,0,1.969911336898804,9.7224060058594,101.37156293820013
895,2014,2,7,7,30,19,13,132,1.7643719911575315,12.30120239257815,87.77270126495905
896,2014,2,7,8,30,235,68,630,1.8466975688934328,16.112329101562526,74.57698370097711
897,2014,2,7,9,30,475,90,820,2.0346522331237797,19.356469726562523,62.050183479150704
898,2014,2,7,10,30,679,104,907,2.0869860649108887,21.839776611328148,50.70699116294421
899,2014,2,7,11,30,824,112,950,2.160768985748291,23.593560791015648,41.54018520259877
900,2014,2,7,12,30,897,116,968,2.2479534149169917,24.619439697265648,36.248626740571815
901,2014,2,7,13,30,891,116,965,2.299746036529541,24.922052001953148,36.559575042563296
902,2014,2,7,14,30,809,112,943,2.3351333141326904,24.448999023437523,42.34983759169485
903,2014,2,7,15,30,657,103,896,2.33707332611084,23.294549560546894,51.811285862020924
904,2014,2,7,16,30,450,88,806,2.1939902305603027,21.463403320312523,63.314496581367685
905,2014,2,7,17,30,214,61,627,1.9463919401168823,18.881860351562523,75.93083295608675
906,2014,2,7,18,30,0,0,0,1.6741113662719729,16.938867187500026,89.17864351965989
907,2014,2,7,19,30,0,0,0,1.385562300682068,16.020593261718773,102.81121980748777
908,2014,2,7,20,30,0,0,0,1.0726180076599119,15.15935668945315,116.671442700034
909,2014,2,7,21,30,0,0,0,0.7565029859542847,14.296228027343775,130.66548611758668
910,2014,2,7,22,30,0,0,0,0.531610369682312,13.434472656250026,144.70782986161802
911,2014,2,7,23,30,0,0,0,0.4040611684322357,12.602136230468775,158.64984591935274
912,2014,2,8,0,30,0,0,0,0.3034128546714783,11.82988891601565,171.5918023278874
913,2014,2,8,1,30,0,0,0,0.3312668204307556,11.13762817382815,170.36546361603672
914,2014,2,8,2,30,0,0,0,0.5900737643241882,10.53423461914065,157.1493782380155
915,2014,2,8,3,30,0,0,0,0.8982689380645752,10.033471679687525,143.17795556342423
916,2014,2,8,4,30,0,0,0,1.0396156311035156,9.61931762695315,129.1292273032067
917,2014,2,8,5,30,0,0,0,0.9565722942352296,9.2277770996094,115.13596561795325
918,2014,2,8,6,30,0,0,0,0.7392256855964661,9.660119628906275,101.2820483968959
919,2014,2,8,7,30,20,14,139,0.5355094075202942,12.3123718261719,87.66460556319375
920,2014,2,8,8,30,237,68,629,0.6890647411346436,17.042718505859398,74.44390426924994
921,2014,2,8,9,30,475,90,816,0.9604313969612122,21.256860351562523,61.88371956998089
922,2014,2,8,10,30,678,104,902,1.0219008922576904,23.709710693359398,50.49626391904162
923,2014,2,8,11,30,823,112,945,1.0849006175994873,25.259729003906273,41.27578792725613
924,2014,2,8,12,30,897,116,964,1.174274206161499,26.129602050781273,35.93930737415975
925,2014,2,8,13,30,893,116,963,1.271275281906128,26.282037353515648,36.24889292981915
926,2014,2,8,14,30,812,112,942,1.3228296041488647,25.813653564453148,42.080136252381976
927,2014,2,8,15,30,660,103,896,1.326486587524414,24.719537353515648,51.59090704619752
928,2014,2,8,16,30,453,88,807,1.3636467456817627,22.678857421875023,63.13509604300982
929,2014,2,8,17,30,217,62,629,1.681589961051941,19.767877197265648,75.7825916492829
930,2014,2,8,18,30,0,0,0,2.282368898391724,17.295129394531273,89.05389105578855
931,2014,2,8,19,30,0,0,0,2.823444604873657,15.601708984375026,102.70380273923216
932,2014,2,8,20,30,0,0,0,3.160646677017212,13.97368774414065,116.57648364467781
933,2014,2,8,21,30,0,0,0,3.3153038024902344,12.5037780761719,130.57774382586504
934,2014,2,8,22,30,0,0,0,3.2983794212341313,11.30620727539065,144.6193854295644
935,2014,2,8,23,30,0,0,0,3.106634616851806,10.6339050292969,158.5412750291703
936,2014,2,9,0,30,0,0,0,2.7316606044769287,10.6224304199219,171.3703823030931
937,2014,2,9,1,30,0,0,0,2.278189182281494,10.941369628906275,170.18105073706758
938,2014,2,9,2,30,0,0,0,1.8966317176818848,10.86821899414065,157.05991832849372
939,2014,2,9,3,30,0,0,0,1.6441570520401,10.14226684570315,143.10544968940332
940,2014,2,9,4,30,0,0,0,1.5035022497177124,9.20330200195315,129.05627558473327
941,2014,2,9,5,30,0,0,0,1.38891339302063,8.512841796875023,115.055043111594
942,2014,2,9,6,30,0,0,0,1.2914137840270996,8.9780212402344,101.1879084359422
943,2014,2,9,7,30,21,15,149,1.1800516843795776,11.550256347656275,87.55209869843394
944,2014,2,9,8,30,242,69,640,1.1981322765350342,15.950219726562526,74.30654389869349
945,2014,2,9,9,30,484,91,828,1.5840394496917725,20.393914794921894,61.713012553050575
946,2014,2,9,10,30,691,105,916,1.9569109678268437,23.242181396484398,50.28119678841446
947,2014,2,9,11,30,839,113,961,2.0469865798950195,24.724877929687523,41.00680175528272
948,2014,2,9,12,30,915,117,980,2.055366516113281,25.561822509765648,35.62542351739992
949,2014,2,9,13,30,911,117,980,2.0793237686157227,25.758905029296894,35.93498022110604
950,2014,2,9,14,30,828,113,959,2.174892902374268,25.212518310546894,41.809263533094224
951,2014,2,9,15,30,674,104,912,2.3873257637023926,23.891870117187523,51.37080314741929
952,2014,2,9,16,30,464,89,823,2.711047649383545,21.682275390625023,62.956716146708146
953,2014,2,9,17,30,223,63,644,3.118633270263672,18.493432617187523,75.63569499694498
954,2014,2,9,18,30,0,0,0,3.4609436988830566,15.76275024414065,88.93055526100302
955,2014,2,9,19,30,0,0,0,3.5205717086791988,14.1823669433594,102.59771454298351
956,2014,2,9,20,30,0,0,0,3.352118968963623,13.004968261718775,116.48259116288305
957,2014,2,9,21,30,0,0,0,3.135078430175781,12.127160644531275,130.49057396412442
958,2014,2,9,22,30,0,0,0,2.899336338043213,11.441918945312526,144.53058247910792
959,2014,2,9,23,30,0,0,0,2.603817939758301,10.917565917968775,158.43030996320675
960,2014,2,10,0,30,0,0,0,2.2499794960021973,10.5019470214844,171.1423942732451
961,2014,2,10,1,30,0,0,0,1.9740030765533447,10.088037109375025,169.9849213644459
962,2014,2,10,2,30,0,0,0,1.8761339187622068,9.66961059570315,156.96232292572196
963,2014,2,10,3,30,0,0,0,1.9017977714538572,9.313745117187525,143.02661258863998
964,2014,2,10,4,30,0,0,0,1.9811577796936035,9.01555786132815,128.9778811612438
965,2014,2,10,5,30,0,0,0,2.0499010086059566,8.704248046875023,114.9691999810096
966,2014,2,10,6,30,0,0,0,2.07759690284729,9.260034179687525,101.08918849328421
967,2014,2,10,7,30,23,16,158,1.9020552635192869,11.923730468750026,87.43524341021428
968,2014,2,10,8,30,246,69,647,1.4979639053344729,16.411828613281273,74.16498296755728
969,2014,2,10,9,30,489,92,833,1.011257529258728,21.035882568359398,61.53815990726182
970,2014,2,10,10,30,695,106,918,0.7877235412597656,24.240625000000023,50.06190101791967
971,2014,2,10,11,30,842,114,961,0.9087848663330078,25.94661865234377,40.73334065165843
972,2014,2,10,12,30,916,118,978,1.037925124168396,26.767785644531273,35.307083272824826
973,2014,2,10,13,30,910,117,975,1.1217548847198486,26.92147216796877,35.617967273020675
974,2014,2,10,14,30,826,113,952,1.230076789855957,26.430780029296894,41.537366381153404
975,2014,2,10,15,30,672,104,905,1.3802297115325928,25.25643310546877,51.15109924714609
976,2014,2,10,16,30,463,90,817,1.5315413475036619,23.302972412109398,62.77944759986413
977,2014,2,10,17,30,224,63,640,1.6347339153289795,20.602166748046894,75.49020141658012
978,2014,2,10,18,30,0,0,0,1.60278058052063,18.551507568359398,88.80866688233017
979,2014,2,10,19,30,0,0,0,1.4286544322967532,17.527886962890648,102.49296027994959
980,2014,2,10,20,30,0,0,0,1.1918036937713623,16.421136474609398,116.3897458158762
981,2014,2,10,21,30,0,0,0,1.0930473804473877,15.20806274414065,130.40393069392343
982,2014,2,10,22,30,0,0,0,1.229437232017517,14.121179199218775,144.44134324456385
983,2014,2,10,23,30,0,0,0,1.4330326318740845,13.226159667968775,158.31683881992416
984,2014,2,11,0,30,0,0,0,1.6581920385360718,12.4197937011719,170.90797362551868
985,2014,2,11,1,30,0,0,0,1.92960524559021,11.636071777343775,169.7774559046286
986,2014,2,11,2,30,0,0,0,2.1437714099884038,10.876000976562525,156.85658821645922
987,2014,2,11,3,30,0,0,0,2.2505476474761963,10.15776977539065,142.94143986970096
988,2014,2,11,4,30,0,0,0,2.308882474899292,9.4949890136719,128.89405798294442
989,2014,2,11,5,30,0,0,0,2.331110000610352,8.8936706542969,114.8784683864537
990,2014,2,11,6,30,0,0,0,2.3124375343322754,9.258203125000025,100.98593799939944
991,2014,2,11,7,30,24,16,162,2.194154500961304,11.5775085449219,87.31410592528705
992,2014,2,11,8,30,245,69,640,2.218454360961914,15.563256835937526,74.01930491872137
993,2014,2,11,9,30,487,92,825,2.4644761085510254,19.666284179687523,61.35926185996269
994,2014,2,11,10,30,693,105,911,2.678582191467285,22.630029296875023,49.83849033617668
995,2014,2,11,11,30,839,114,953,2.8280038833618164,24.524346923828148,40.455520555160724
996,2014,2,11,12,30,912,117,970,2.9766430854797363,25.482934570312523,34.98439575706968
997,2014,2,11,13,30,907,117,967,3.1897289752960205,25.514611816406273,35.297985629042884
998,2014,2,11,14,30,824,113,946,3.419322967529297,24.781213378906273,41.264592131713016
999,2014,2,11,15,30,671,104,899,3.590876340866089,23.53426513671877,50.93191901641122
1000,2014,2,11,16,30,462,90,810,3.5266809463500977,21.740899658203148,62.6033786247566
1001,2014,2,11,17,30,224,63,634,3.3124985694885254,19.186334228515648,75.34616645553676
1002,2014,2,11,18,30,0,0,0,3.1898021697998047,17.068078613281273,88.68825376284512
1003,2014,2,11,19,30,0,0,0,3.079531192779541,16.055200195312526,102.38954232746015
1004,2014,2,11,20,30,0,0,0,3.042616367340088,15.262536621093775,116.29792583791523
1005,2014,2,11,21,30,0,0,0,3.1602649688720703,14.323449707031275,130.31776643318787
1006,2014,2,11,22,30,0,0,0,3.3061180114746094,13.241967773437526,144.3515893891659
1007,2014,2,11,23,30,0,0,0,3.425226211547852,12.189904785156275,158.20075304724998
1008,2014,2,12,0,30,0,0,0,3.4825551509857178,11.2410827636719,170.66726136274713
1009,2014,2,12,1,30,0,0,0,3.45642614364624,10.34966430664065,169.5590518228265
1010,2014,2,12,2,30,0,0,0,3.276242733001709,9.523400878906275,156.74272509441533
1011,2014,2,12,3,30,0,0,0,2.9578855037689213,8.817834472656275,142.84993526555044
1012,2014,2,12,4,30,0,0,0,2.606251716613769,8.251092529296898,128.80482581823424
1013,2014,2,12,5,30,0,0,0,2.223701477050781,7.804040527343773,114.78288515070959
1014,2014,2,12,6,30,0,0,0,1.8247934579849243,8.369714355468773,100.87821031712757
1015,2014,2,12,7,30,26,17,179,1.3837878704071045,11.2012878417969,87.18875588772117
1016,2014,2,12,8,30,256,71,667,1.2755165100097656,15.7563415527344,73.86959618584984
1017,2014,2,12,9,30,506,94,855,1.5576894283294678,19.949456787109398,61.176421316729396
1018,2014,2,12,10,30,718,107,942,1.634687423706055,22.78792724609377,49.61108089842607
1019,2014,2,12,11,30,869,116,985,1.5330016613006592,24.643457031250023,40.17345934049744
1020,2014,2,12,12,30,945,120,1003,1.5068206787109375,25.698876953125023,34.657471047770535
1021,2014,2,12,13,30,940,119,1001,1.5534157752990725,25.957482910156273,34.97516798810203
1022,2014,2,12,14,30,855,115,979,1.7548283338546753,25.424279785156273,40.99108842066526
1023,2014,2,12,15,30,697,106,933,2.0793938636779785,24.170404052734398,50.713384598635336
1024,2014,2,12,16,30,483,91,845,2.3276891708374023,22.059777832031273,62.42859487597312
1025,2014,2,12,17,30,236,65,671,2.5166025161743164,18.966180419921894,75.2036427554428
1026,2014,2,12,18,30,0,0,0,2.7274837493896484,16.468988037109398,88.56934084800913
1027,2014,2,12,19,30,0,0,0,2.9072227478027344,15.030358886718775,102.28746042027555
1028,2014,2,12,20,30,0,0,0,3.1267342567443848,13.482690429687526,116.20710721070124
1029,2014,2,12,21,30,0,0,0,3.3583669662475586,11.828149414062526,130.23203196894156
1030,2014,2,12,22,30,0,0,0,3.429234981536865,10.348352050781275,144.26124217998688
1031,2014,2,12,23,30,0,0,0,3.327406406402588,9.373010253906275,158.08194774088238
1032,2014,2,13,0,30,0,0,0,3.1012001037597656,9.204492187500025,170.4204030362543
1033,2014,2,13,1,30,0,0,0,2.8199667930603027,9.47551879882815,169.33011827959538
1034,2014,2,13,2,30,0,0,0,2.4884629249572754,9.15252075195315,156.62075895459841
1035,2014,2,13,3,30,0,0,0,2.1744279861450195,8.002404785156273,142.75211061034756
1036,2014,2,13,4,30,0,0,0,2.07007360458374,6.813073730468773,128.71021021816324
1037,2014,2,13,5,30,0,0,0,2.059711217880249,6.151757812500023,114.68249170653652
1038,2014,2,13,6,30,0,0,0,1.939785718917847,6.796197509765648,100.766062676586
1039,2014,2,13,7,30,28,18,192,1.6054116487503052,9.820458984375025,87.05926628528911
1040,2014,2,13,8,30,261,71,675,1.1390957832336426,14.97857055664065,73.71594611738024
1041,2014,2,13,9,30,510,94,857,0.6221181750297546,20.475213623046894,60.98974378972515
1042,2014,2,13,10,30,721,108,942,0.2856082022190094,24.247033691406273,49.37979123109447
1043,2014,2,13,11,30,872,116,985,0.5204135179519653,26.063623046875023,39.88727678177403
1044,2014,2,13,12,30,947,120,1001,1.0642328262329102,26.819451904296894,34.326420131291925
1045,2014,2,13,13,30,941,119,998,1.5518456697463991,26.830804443359398,34.649648174529126
1046,2014,2,13,14,30,855,115,976,1.909425973892212,26.22249755859377,40.71700309545045
1047,2014,2,13,15,30,697,106,929,2.1082353591918945,24.957879638671894,50.49561649237435
1048,2014,2,13,16,30,483,91,840,2.1953628063201904,22.829095458984398,62.25517936069855
1049,2014,2,13,17,30,237,65,667,2.2824811935424805,19.765252685546894,75.06268002056589
1050,2014,2,13,18,30,0,0,0,2.42398738861084,17.395898437500026,88.45195019597976
1051,2014,2,13,19,30,0,0,0,2.5650792121887207,16.262933349609398,102.18671169515088
1052,2014,2,13,20,30,0,0,0,2.6806468963623047,15.166345214843775,116.11726374043856
1053,2014,2,13,21,30,0,0,0,2.782015085220337,13.99407348632815,130.14667657198152
1054,2014,2,13,22,30,0,0,0,2.8389067649841313,12.852014160156275,144.17022266372325
1055,2014,2,13,23,30,0,0,0,2.827844619750977,11.814294433593775,157.96032193158368
1056,2014,2,14,0,30,0,0,0,2.79145622253418,10.89568481445315,170.16754780387762
1057,2014,2,14,1,30,0,0,0,2.762284755706787,10.090478515625025,169.09107135726137
1058,2014,2,14,2,30,0,0,0,2.7037816047668457,9.406152343750025,156.4907294124178
1059,2014,2,14,3,30,0,0,0,2.6230673789978027,8.845483398437525,142.64798579158494
1060,2014,2,14,4,30,0,0,0,2.5751628875732417,8.374017333984398,128.6102424688143
1061,2014,2,14,5,30,0,0,0,2.553837537765503,7.972009277343773,114.57733403687477
1062,2014,2,14,6,30,0,0,0,2.498444080352783,8.588830566406273,100.64955610547341
1063,2014,2,14,7,30,29,19,196,2.2178881168365483,11.516687011718775,86.92571337222473
1064,2014,2,14,8,30,261,71,669,1.9951956272125244,16.308129882812526,73.55844689840455
1065,2014,2,14,9,30,509,94,850,2.108327627182007,20.743951416015648,60.7993373249051
1066,2014,2,14,10,30,718,107,933,2.168335437774658,23.459863281250023,49.14474217618229
1067,2014,2,14,11,30,867,116,975,2.1063637733459477,25.04207763671877,39.59709451736368
1068,2014,2,14,12,30,942,119,992,2.0716347694396973,26.002252197265648,33.991354851331764
1069,2014,2,14,13,30,937,119,990,1.976388692855835,26.329370117187523,34.321561109516594
1070,2014,2,14,14,30,853,115,969,1.7946536540985107,25.980493164062523,40.4424841233708
1071,2014,2,14,15,30,697,106,924,1.572249174118042,24.860040283203148,50.278733433825465
1072,2014,2,14,16,30,484,92,838,1.365267038345337,22.744104003906273,62.083212361832274
1073,2014,2,14,17,30,239,65,667,1.2070237398147583,19.746301269531273,74.92332499013831
1074,2014,2,14,18,30,0,0,0,1.0526185035705566,17.506890869140648,88.3361009918003
1075,2014,2,14,19,30,0,0,0,0.9142979979515076,16.470880126953148,102.08729073858365
1076,2014,2,14,20,30,0,0,0,0.9565114378929138,15.5444274902344,116.02836713734764
1077,2014,2,14,21,30,0,0,0,1.2683589458465576,14.570397949218775,130.06164811326573
1078,2014,2,14,22,30,0,0,0,1.6997840404510498,13.590905761718775,144.07845184311532
1079,2014,2,14,23,30,0,0,0,2.0990462303161617,12.625939941406275,157.83577886008268
1080,2014,2,15,0,30,0,0,0,2.40081787109375,11.701501464843775,169.9088476057909
1081,2014,2,15,1,30,0,0,0,2.595881700515747,10.8580261230469,168.84232990342673
1082,2014,2,15,2,30,0,0,0,2.5890281200408936,10.096398925781275,156.3526899524585
1083,2014,2,15,3,30,0,0,0,2.4145045280456543,9.424340820312525,142.53758867827815
1084,2014,2,15,4,30,0,0,0,2.2884016036987305,8.8564392089844,128.50495953188678
1085,2014,2,15,5,30,0,0,0,2.2843942642211914,8.382165527343773,114.46746260813994
1086,2014,2,15,6,30,0,0,0,2.363219976425171,8.9515319824219,100.52875535480213
1087,2014,2,15,7,30,30,19,200,2.2936339378356934,11.782922363281275,86.78817658837906
1088,2014,2,15,8,30,261,71,663,2.4163928031921387,16.291192626953148,73.39719347060877
1089,2014,2,15,9,30,468,136,674,2.7279789447784424,20.410272216796894,60.605312427913645
1090,2014,2,15,10,30,591,264,497,2.686111688613892,23.23592529296877,48.90605683538102
1091,2014,2,15,11,30,758,318,567,2.4202194213867188,25.152032470703148,39.303036016264656
1092,2014,2,15,12,30,824,359,558,2.1506409645080566,26.258416748046894,33.652387858434984
1093,2014,2,15,13,30,820,351,565,1.9894300699234009,26.578118896484398,33.991042784084065
1094,2014,2,15,14,30,746,298,587,2.0039317607879643,26.109307861328148,40.16767949746762
1095,2014,2,15,15,30,697,106,920,2.1684484481811523,24.857690429687523,50.06285227962214
1096,2014,2,15,16,30,485,92,835,2.4066824913024902,22.687036132812523,61.912771364394544
1097,2014,2,15,17,30,240,66,664,2.776228904724121,19.397454833984398,74.7856214146
1098,2014,2,15,18,30,0,0,0,3.212348461151123,16.594293212890648,88.22180956534378
1099,2014,2,15,19,30,0,0,0,3.495369911193848,14.992395019531275,101.9891896377372
1100,2014,2,15,20,30,0,0,0,3.615443706512451,13.61699829101565,115.94038709755304
1101,2014,2,15,21,30,0,0,0,3.6321029663085938,12.45366821289065,129.9768931820539
1102,2014,2,15,22,30,0,0,0,3.5493788719177246,11.494958496093775,143.98585085344482
1103,2014,2,15,23,30,0,0,0,3.3972809314727783,10.70598754882815,157.70822623826817
1104,2014,2,16,0,30,0,0,0,3.204290866851806,10.047509765625025,169.6444564497553
1105,2014,2,16,1,30,0,0,0,3.0099081993103027,9.470178222656275,168.58431199011636
1106,2014,2,16,2,30,0,0,0,2.767897129058838,8.903771972656275,156.20670751278703
1107,2014,2,16,3,30,0,0,0,2.478667497634888,8.348321533203148,142.4209550260072
1108,2014,2,16,4,30,0,0,0,2.2283878326416016,7.894158935546898,128.3944039740025
1109,2014,2,16,5,30,0,0,0,2.0540499687194824,7.546197509765648,114.35293229676893
1110,2014,2,16,6,30,0,0,0,1.97245454788208,8.359887695312523,100.40372882048565
1111,2014,2,16,7,30,34,21,228,1.8404029607772827,11.8140808105469,86.64673847520729
1112,2014,2,16,8,30,275,73,698,1.3990734815597534,16.844903564453148,73.2322834503907
1113,2014,2,16,9,30,526,95,872,0.646949052810669,21.688287353515648,60.407781988932506
1114,2014,2,16,10,30,737,109,951,0.38307926058769226,25.223168945312523,48.663860514075225
1115,2014,2,16,11,30,886,117,990,0.67718905210495,27.079309082031273,39.005226546025156
1116,2014,2,16,12,30,961,120,1005,0.8751670122146606,27.994836425781273,33.309632560463555
1117,2014,2,16,13,30,955,120,1002,0.9859923124313354,28.17513427734377,33.65823023346998
1118,2014,2,16,14,30,868,116,980,1.0660524368286133,27.588372802734398,39.89273713972136
1119,2014,2,16,15,30,710,107,934,1.1874154806137085,26.229882812500023,49.84808788966462
1120,2014,2,16,16,30,493,92,847,1.4382067918777466,23.900903320312523,61.74393098499528
1121,2014,2,16,17,30,245,66,676,1.7758386135101318,20.504327392578148,74.64961003598579
1122,2014,2,16,18,30,0,0,0,2.0607850551605225,17.711999511718773,88.10908941313204
1123,2014,2,16,19,30,0,0,0,2.2432861328125,16.156182861328148,101.89239803431832
1124,2014,2,16,20,30,0,0,0,2.361369609832764,14.8048034667969,115.85329138730916
1125,2014,2,16,21,30,0,0,0,2.411196231842041,13.669458007812526,129.892357205422
1126,2014,2,16,22,30,0,0,0,2.370079040527344,12.7563415527344,143.89234113917638
1127,2014,2,16,23,30,0,0,0,2.26775336265564,11.98955688476565,157.57757649577914
1128,2014,2,17,0,30,0,0,0,2.1664838790893555,11.3023620605469,169.3745297966779
1129,2014,2,17,1,30,0,0,0,2.1031847000122066,10.659997558593775,168.3174319644986
1130,2014,2,17,2,30,0,0,0,2.022969484329224,10.070764160156275,156.0528620109449
1131,2014,2,17,3,30,0,0,0,1.8884068727493288,9.5585876464844,142.2981283597279
1132,2014,2,17,4,30,0,0,0,1.7627060413360596,9.119653320312525,128.27862388496723
1133,2014,2,17,5,30,0,0,0,1.6772044897079468,8.721307373046898,114.23380230941021
1134,2014,2,17,6,30,0,0,0,1.6070263385772705,9.44976196289065,100.27454846080678
1135,2014,2,17,7,30,35,21,224,1.4213974475860596,12.79961547851565,86.5014845884947
1136,2014,2,17,8,30,272,72,683,0.9391803741455078,17.935479736328148,73.06381704518591
1137,2014,2,17,9,30,523,95,861,0.9414616823196412,22.600244140625023,60.20686120635745
1138,2014,2,17,10,30,735,108,943,1.4519765377044678,25.487542724609398,48.41828066511524
1139,2014,2,17,11,30,885,116,985,1.7406070232391355,26.995294189453148,38.70379314231123
1140,2014,2,17,12,30,961,120,1001,1.9276195764541624,27.794061279296894,32.9632030740591
1141,2014,2,17,13,30,955,120,999,2.0663747787475586,27.904504394531273,33.3232615130274
1142,2014,2,17,14,30,869,116,977,2.203280448913574,27.347344970703148,39.61780480141139
1143,2014,2,17,15,30,711,107,932,2.3734383583068848,26.118890380859398,49.634553010483714
1144,2014,2,17,16,30,496,92,847,2.607520580291748,23.896966552734398,61.576762904824974
1145,2014,2,17,17,30,247,66,677,3.021068572998047,20.359857177734398,74.51532857230521
1146,2014,2,17,18,30,0,0,0,3.5181355476379395,17.265618896484398,87.99795122397161
1147,2014,2,17,19,30,0,0,0,3.834220409393311,15.45964965820315,101.7969031815253
1148,2014,2,17,20,30,0,0,0,3.947505474090576,14.016931152343775,115.76704592945109
1149,2014,2,17,21,30,0,0,0,3.884119749069214,12.8797546386719,129.8079845693641
1150,2014,2,17,22,30,0,0,0,3.657191038131714,11.946801757812526,143.79784463003142
1151,2014,2,17,23,30,0,0,0,3.343623161315918,11.13738403320315,157.44374701059547
1152,2014,2,18,0,30,0,0,0,3.0187804698944087,10.413232421875025,169.0992240370383
1153,2014,2,18,1,30,0,0,0,2.7223424911499023,9.7730651855469,168.04209805144995
1154,2014,2,18,2,30,0,0,0,2.450157165527344,9.24370727539065,155.89124581853702
1155,2014,2,18,3,30,0,0,0,2.2158689498901367,8.844079589843775,142.16915983533002
1156,2014,2,18,4,30,0,0,0,2.0397076606750493,8.512139892578148,128.15767278564758
1157,2014,2,18,5,30,0,0,0,1.9142885208129885,8.227410888671898,114.11013609700385
1158,2014,2,18,6,30,0,0,0,1.820400834083557,9.032495117187525,100.1412897100082
1159,2014,2,18,7,30,35,21,218,1.574059009552002,12.150659179687526,86.35250340804896
1160,2014,2,18,8,30,263,71,653,1.2534003257751465,17.001977539062526,72.89189696815183
1161,2014,2,18,9,30,506,93,826,1.0679793357849119,21.484948730468773,60.00266750938554
1162,2014,2,18,10,30,712,106,908,0.97083842754364,24.570092773437523,48.16944683234089
1163,2014,2,18,11,30,672,350,410,0.9732465147972108,26.66585693359377,38.39886458011972
1164,2014,2,18,12,30,730,373,423,1.0743980407714844,27.934564208984398,32.61321417709697
1165,2014,2,18,13,30,727,373,421,1.2110004425048828,28.420281982421894,32.986275675577915
1166,2014,2,18,14,30,662,354,398,1.3962873220443726,28.163873291015648,39.34302996055979
1167,2014,2,18,15,30,692,105,902,1.6244332790374756,27.124139404296894,49.42235815915518
1168,2014,2,18,16,30,482,91,817,1.8793878555297847,25.161309814453148,61.41133580625286
1169,2014,2,18,17,30,240,66,648,2.2814877033233643,22.126336669921894,74.38281170614752
1170,2014,2,18,18,30,0,0,0,2.7271108627319336,19.459649658203148,87.88840290811596
1171,2014,2,18,19,30,0,0,0,2.9924192428588867,17.743157958984398,101.70269000383928
1172,2014,2,18,20,30,0,0,0,3.0640602111816406,16.030358886718773,115.68161489183016
1173,2014,2,18,21,30,0,0,0,2.9876809120178223,14.5360046386719,129.72371874094281
1174,2014,2,18,22,30,0,0,0,2.8092937469482417,13.529504394531275,143.70228391645546
1175,2014,2,18,23,30,0,0,0,2.558176040649414,12.96404418945315,157.3066603228898
1176,2014,2,19,0,30,0,0,0,2.2818939685821533,12.609643554687526,168.8186960487181
1177,2014,2,19,1,30,0,0,0,2.1349992752075195,12.241235351562526,167.75871045806844
1178,2014,2,19,2,30,0,0,0,2.219364643096924,11.774377441406275,155.72196319165326
1179,2014,2,19,3,30,0,0,0,2.410873413085937,11.26470336914065,142.03410808148257
1180,2014,2,19,4,30,0,0,0,2.541083812713623,10.766442871093775,128.03160952585594
1181,2014,2,19,5,30,0,0,0,2.5794148445129395,10.277246093750025,113.98200126312108
1182,2014,2,19,6,30,0,0,0,2.5411863327026367,10.7995544433594,100.00403138847565
1183,2014,2,19,7,30,37,22,230,2.268566846847534,13.54534301757815,86.19988624470085
1184,2014,2,19,8,30,269,72,664,1.7666275501251218,17.932794189453148,72.71662835132162
1185,2014,2,19,9,30,514,93,836,1.1809654235839844,22.200036621093773,59.79532047965054
1186,2014,2,19,10,30,721,107,917,0.6288677453994751,25.458917236328148,47.91749059397212
1187,2014,2,19,11,30,869,115,958,0.3364431858062744,27.746759033203148,38.090571346789645
1188,2014,2,19,12,30,943,118,974,0.37613677978515625,28.972711181640648,32.25978126220407
1189,2014,2,19,13,30,937,118,972,0.6256500482559204,29.205987548828148,32.64741275018966
1190,2014,2,19,14,30,852,114,950,0.9518048763275146,28.676751708984398,39.06855971622469
1191,2014,2,19,15,30,696,105,904,1.2875257730484009,27.457025146484398,49.21161150784298
1192,2014,2,19,16,30,484,91,818,1.6423400640487669,25.452752685546894,61.24771531296696
1193,2014,2,19,17,30,242,66,647,2.1100988388061523,22.602716064453148,74.25209107741595
1194,2014,2,19,18,30,0,0,0,2.645695447921753,20.473748779296894,87.78044963022673
1195,2014,2,19,19,30,0,0,0,3.125749349594116,19.622583007812523,101.60974115965628
1196,2014,2,19,20,30,0,0,0,3.4145925045013428,18.559014892578148,115.5969607778541
1197,2014,2,19,21,30,0,0,0,3.497491836547852,16.995751953125026,129.63950239156605
1198,2014,2,19,22,30,0,0,0,3.497483491897583,15.3216491699219,143.60558242389126
1199,2014,2,19,23,30,0,0,0,3.4187924861907963,13.864465332031275,157.1662443311988
1200,2014,2,20,0,30,0,0,0,3.2759130001068115,12.713891601562526,168.5331028272839
1201,2014,2,20,1,30,0,0,0,3.1086549758911133,11.78203735351565,167.46765992467806
1202,2014,2,20,2,30,0,0,0,2.96881103515625,11.060998535156275,155.54512966413975
1203,2014,2,20,3,30,0,0,0,2.905502319335937,10.587365722656275,141.89303902266883
1204,2014,2,20,4,30,0,0,0,2.8792328834533687,10.27691040039065,127.90049817294985
1205,2014,2,20,5,30,0,0,0,2.839592456817627,10.033105468750025,113.84946946688692
1206,2014,2,20,6,30,0,0,0,2.749395608901977,10.732507324218775,99.86285560934341
1207,2014,2,20,7,30,39,22,236,2.5297350883483887,13.547631835937526,86.04372714464168
1208,2014,2,20,8,30,270,71,662,2.4421639442443848,17.528405761718773,72.53811865727843
1209,2014,2,20,9,30,514,93,832,2.5367932319641118,20.937432861328148,59.58494177176461
1210,2014,2,20,10,30,721,106,912,2.56787633895874,23.406396484375023,47.66254550571919
1211,2014,2,20,11,30,869,114,954,2.6255123615264893,25.105950927734398,37.77904561679138
1212,2014,2,20,12,30,943,118,971,2.7746798992156982,26.058740234375023,31.903020291355478
1213,2014,2,20,13,30,938,118,970,2.9683535099029537,26.294946289062523,32.30681372232538
1214,2014,2,20,14,30,854,114,949,3.1682665348052983,25.834191894531273,38.794540679598924
1215,2014,2,20,15,30,699,105,904,3.322120189666748,24.683526611328148,49.00241876947776
1216,2014,2,20,16,30,488,91,820,3.3864076137542725,22.78939208984377,61.08596393407553
1217,2014,2,20,17,30,245,66,653,3.29880952835083,20.086785888671894,74.12319528014592
1218,2014,2,20,18,30,0,0,0,3.176560878753662,17.965081787109398,87.67409384578022
1219,2014,2,20,19,30,0,0,0,3.0737595558166504,17.022729492187526,101.51803710646305
1220,2014,2,20,20,30,0,0,0,2.8948192596435547,16.268212890625026,115.51304451876881
1221,2014,2,20,21,30,0,0,0,2.631734132766724,15.435998535156275,129.55527752123194
1222,2014,2,20,22,30,0,0,0,2.2952511310577397,14.4465270996094,143.50766458565556
1223,2014,2,20,23,30,0,0,0,2.074810028076172,13.353967285156275,157.02243247001473
1224,2014,2,21,0,30,0,0,0,2.156561374664306,12.315698242187526,168.2426011800101
1225,2014,2,21,1,30,0,0,0,2.522887706756592,11.418542480468775,167.16932666531125
1226,2014,2,21,2,30,0,0,0,2.952605724334717,10.708459472656275,155.3608714113535
1227,2014,2,21,3,30,0,0,0,3.30694580078125,10.27446899414065,141.74602568515502
1228,2014,2,21,4,30,0,0,0,3.5919013023376465,10.118066406250025,127.76440789153077
1229,2014,2,21,5,30,0,0,0,3.7680020332336426,10.332849121093775,113.71261632088553
1230,2014,2,21,6,30,0,0,0,3.789470672607422,11.2403503417969,99.71784768220608
1231,2014,2,21,7,30,40,23,239,3.75814151763916,12.691247558593775,85.88412279134215
1232,2014,2,21,8,30,268,71,651,3.765435695648194,14.656640625000026,72.35647758956662
1233,2014,2,21,9,30,509,92,817,3.6871070861816406,17.223443603515648,59.37165503294346
1234,2014,2,21,10,30,713,105,897,3.3772215843200684,19.957757568359398,47.40474704360527
1235,2014,2,21,11,30,740,321,527,2.858208656311035,22.261804199218773,37.46442122838981
1236,2014,2,21,12,30,802,359,519,2.235227108001709,23.452630615234398,31.54304775154865
1237,2014,2,21,13,30,797,350,527,1.5838106870651243,23.802301025390648,31.964620515419483
1238,2014,2,21,14,30,725,297,546,1.077114462852478,23.299462890625023,38.521118861633255
1239,2014,2,21,15,30,592,231,548,0.8209033012390137,21.847406005859398,48.79488308441461
1240,2014,2,21,16,30,413,178,482,0.9308412075042723,20.196435546875023,60.92614101218553
1241,2014,2,21,17,30,207,95,406,1.4936952590942385,18.340081787109398,73.99614986364493
1242,2014,2,21,18,30,0,0,0,2.0696280002593994,16.602899169921898,87.56933534107496
1243,2014,2,21,19,30,0,0,0,2.2916510105133057,15.34905395507815,101.42755616895296
1244,2014,2,21,20,30,0,0,0,2.2131927013397217,14.382836914062526,115.42982556779371
1245,2014,2,21,21,30,0,0,0,1.9347336292266848,13.665429687500026,129.4709855834324
1246,2014,2,21,22,30,0,0,0,1.5932782888412476,13.0958190917969,143.40845601405402
1247,2014,2,21,23,30,0,0,0,1.314424753189087,12.665551757812526,156.87516386853324
1248,2014,2,22,0,30,0,0,0,1.171990990638733,12.360742187500026,167.94734747567247
1249,2014,2,22,1,30,0,0,0,1.1874394416809082,12.23540649414065,166.86407964162746
1250,2014,2,22,2,30,0,0,0,1.3439767360687256,12.155725097656275,155.1693245913085
1251,2014,2,22,3,30,0,0,0,1.5852446556091309,11.90093383789065,141.59314798712316
1252,2014,2,22,4,30,0,0,0,1.834750413894653,11.552880859375026,127.6234128149687
1253,2014,2,22,5,30,0,0,0,2.0725679397583012,11.17681274414065,113.57152128419365
1254,2014,2,22,6,30,0,0,0,2.2983076572418213,11.587304687500026,99.5690960137599
1255,2014,2,22,7,30,33,25,115,2.3127689361572266,13.457421875000026,85.72117240524209
1256,2014,2,22,8,30,214,125,291,2.3749420642852783,16.667779541015648,72.17181700166077
1257,2014,2,22,9,30,454,176,541,2.558560371398926,20.208795166015648,59.15558582161455
1258,2014,2,22,10,30,675,208,686,2.5230207443237305,23.203546142578148,47.144232546471756
1259,2014,2,22,11,30,787,309,599,2.403273105621338,25.459832763671894,37.14683366213424
1260,2014,2,22,12,30,852,348,589,2.322286605834961,26.612084960937523,31.179980611605323
1261,2014,2,22,13,30,846,340,594,2.3151285648345947,26.615350341796894,31.620975973700208
1262,2014,2,22,14,30,769,288,612,2.368480443954468,25.625604248046894,38.24843955739264
1263,2014,2,22,15,30,628,213,626,2.4524941444396973,23.801721191406273,48.589104908678294
1264,2014,2,22,16,30,437,152,584,2.5313520431518555,21.725701904296894,60.76830267558715
1265,2014,2,22,17,30,219,88,471,2.6282215118408203,19.860650634765648,73.87097733782058
1266,2014,2,22,18,30,0,0,0,2.775242328643799,18.454034423828148,87.46617127665714
1267,2014,2,22,19,30,0,0,0,2.88272476196289,17.488824462890648,101.33827460934765
1268,2014,2,22,20,30,0,0,0,2.970667839050293,16.554559326171898,115.34726199582369
1269,2014,2,22,21,30,0,0,0,3.0821337699890137,15.6159606933594,129.38656761074202
1270,2014,2,22,22,30,0,0,0,3.1495327949523926,14.76079711914065,143.30788366913055
1271,2014,2,22,23,30,0,0,0,3.143230438232422,14.135217285156275,156.72438348954358
1272,2014,2,23,0,30,0,0,0,3.09470272064209,13.64214477539065,167.64749744268113
1273,2014,2,23,1,30,0,0,0,3.0517220497131348,13.12017211914065,166.55227611751485
1274,2014,2,23,2,30,0,0,0,2.9828579425811768,12.644372558593775,154.9706346704561
1275,2014,2,23,3,30,0,0,0,2.85134506225586,12.2597595214844,141.43449251463164
1276,2014,2,23,4,30,0,0,0,2.697693109512329,11.8747497558594,127.4775919093515
1277,2014,2,23,5,30,0,0,0,2.546283483505249,11.535974121093775,113.42626755123524
1278,2014,2,23,6,30,0,0,0,2.3835911750793457,11.9459167480469,99.41669200586232
1279,2014,2,23,7,30,39,25,172,2.1607332229614262,13.564721679687526,85.55497764143031
1280,2014,2,23,8,30,240,110,420,2.1322522163391118,15.933740234375026,71.9842508048783
1281,2014,2,23,9,30,263,230,62,2.1937117576599117,18.382073974609398,58.93686152507901
1282,2014,2,23,10,30,221,211,15,2.035278081893921,20.723168945312523,46.881141158076346
1283,2014,2,23,11,30,729,329,500,1.851768493652344,22.88582763671877,36.82642002132865
1284,2014,2,23,12,30,790,365,495,1.744765043258667,24.170922851562523,30.813936280097586
1285,2014,2,23,13,30,785,357,501,1.636899471282959,24.588403320312523,31.27602384627575
1286,2014,2,23,14,30,715,310,513,1.4411759376525881,24.580346679687523,37.976647226534894
1287,2014,2,23,15,30,700,104,896,1.2117462158203125,23.718041992187523,48.38518190364855
1288,2014,2,23,16,30,490,90,814,1.019877552986145,21.981347656250023,60.612501794776726
1289,2014,2,23,17,30,248,66,650,1.0188544988632202,19.724053955078148,73.74769718263819
1290,2014,2,23,18,30,0,0,0,1.202176213264465,18.346856689453148,87.36459623404156
1291,2014,2,23,19,30,0,0,0,1.298633337020874,18.158044433593773,101.25016670035409
1292,2014,2,23,20,30,0,0,0,1.298006892204285,17.355401611328148,115.26531058870151
1293,2014,2,23,21,30,0,0,0,1.3133275508880615,15.976586914062526,129.30196434067074
1294,2014,2,23,22,30,0,0,0,1.3196744918823242,15.17632446289065,143.20587602504938
1295,2014,2,23,23,30,0,0,0,1.3269691467285156,14.697717285156275,156.57004224861947
1296,2014,2,24,0,30,0,0,0,1.3794208765029907,13.797509765625026,167.34320600886326
1297,2014,2,24,1,30,0,0,0,1.4055519104003906,12.769982910156275,166.2342614456739
1298,2014,2,24,2,30,0,0,0,1.30487859249115,11.914025878906275,154.7649557406429
1299,2014,2,24,3,30,0,0,0,1.1293706893920898,11.193078613281275,141.2701522849631
1300,2014,2,24,4,30,0,0,0,0.9762154817581176,10.58672485351565,127.3270288304962
1301,2014,2,24,5,30,0,0,0,0.8405980467796326,10.082604980468775,113.27694193645948
1302,2014,2,24,6,30,0,0,0,0.7135753631591797,10.740014648437525,99.2607299511558
1303,2014,2,24,7,30,48,25,275,0.6621963381767273,13.705407714843775,85.38564248555204
1304,2014,2,24,8,30,284,72,678,0.7281593084335327,18.451104736328148,71.79389487509332
1305,2014,2,24,9,30,530,93,841,0.842458188533783,22.727227783203148,58.71561127620402
1306,2014,2,24,10,30,737,106,919,0.9852950572967528,25.443048095703148,46.615613768780975
1307,2014,2,24,11,30,884,114,958,1.215090036392212,27.241632080078148,36.503319014388495
1308,2014,2,24,12,30,957,117,974,1.5234088897705078,28.202172851562523,30.445032564448823
1309,2014,2,24,13,30,950,117,971,1.811025023460388,28.369775390625023,30.929908772368684
1310,2014,2,24,14,30,865,113,951,1.9765466451644895,27.932031250000023,37.70588537032413
1311,2014,2,24,15,30,709,104,907,1.987335205078125,26.90120849609377,48.18320882777856
1312,2014,2,24,16,30,497,90,824,1.900665283203125,25.077508544921894,60.45878794319191
1313,2014,2,24,17,30,252,66,661,1.8382437229156492,22.561029052734398,73.62632586190881
1314,2014,2,24,18,30,0,0,0,1.8061666488647459,20.697778320312523,87.26460226584723
1315,2014,2,24,19,30,0,0,0,1.7039287090301514,19.673455810546894,101.16320480033824
1316,2014,2,24,20,30,0,0,0,1.5053682327270508,18.544305419921894,115.18392694577305
1317,2014,2,24,21,30,0,0,0,1.3465569019317627,17.440881347656273,129.21711634191334
1318,2014,2,24,22,30,0,0,0,1.2365708351135254,16.319940185546898,143.10236323331318
1319,2014,2,24,23,30,0,0,0,1.0268579721450806,15.1755310058594,156.41209711298345
1320,2014,2,25,0,30,0,0,0,0.6623697280883789,14.043359375000026,167.03462717692344
1321,2014,2,25,1,30,0,0,0,0.3254353702068329,13.037866210937526,165.91036904260343
1322,2014,2,25,2,30,0,0,0,0.382402777671814,12.32036743164065,154.55244983356198
1323,2014,2,25,3,30,0,0,0,0.6055085062980652,11.783410644531275,141.10022649884144
1324,2014,2,25,4,30,0,0,0,0.6340020895004272,11.34624633789065,127.17181177468314
1325,2014,2,25,5,30,0,0,0,0.6302555203437805,11.01104125976565,113.123634755538
1326,2014,2,25,6,30,0,0,0,0.7405383586883545,11.715539550781275,99.10130692651028
1327,2014,2,25,7,30,50,26,286,0.9465336799621582,14.61004028320315,85.2132731480227
1328,2014,2,25,8,30,218,131,274,1.3141605854034424,18.964776611328148,71.60086695844609
1329,2014,2,25,9,30,452,190,500,1.5377724170684814,22.785363769531273,58.49196586916725
1330,2014,2,25,10,30,620,271,505,1.4071766138076782,25.386926269531273,46.347792956626094
1331,2014,2,25,11,30,739,343,490,1.277686595916748,27.16268310546877,36.17767093918593
1332,2014,2,25,12,30,800,383,482,1.2621424198150637,28.15560302734377,30.073387631184602
1333,2014,2,25,13,30,795,374,489,1.3123223781585691,28.35433349609377,30.582776267670827
1334,2014,2,25,14,30,725,323,506,1.5169413089752195,27.754541015625023,37.436296404723755
1335,2014,2,25,15,30,594,256,505,1.8942506313323972,26.323876953125023,47.98327743031904
1336,2014,2,25,16,30,417,193,452,2.3060626983642583,24.086328125000023,60.307207362703245
1337,2014,2,25,17,30,213,103,387,2.6680011749267583,21.254296875000023,73.50687684114645
1338,2014,2,25,18,30,0,0,0,2.9896907806396484,18.932794189453148,87.16617894894554
1339,2014,2,25,19,30,0,0,0,3.225229501724243,17.541436767578148,101.07735943072343
1340,2014,2,25,20,30,0,0,0,3.2539963722229004,16.359185791015648,115.10306557985515
1341,2014,2,25,21,30,0,0,0,3.1225242614746094,15.267663574218775,129.13196414049713
1342,2014,2,25,22,30,0,0,0,2.9826543331146236,14.3126159667969,142.99727728284006
1343,2014,2,25,23,30,0,0,0,2.8740668296813965,13.457421875000026,156.25051118021963
1344,2014,2,26,0,30,0,0,0,2.769906520843506,12.67046508789065,166.72191393007756
1345,2014,2,26,1,30,0,0,0,2.6541402339935303,11.95562133789065,165.58092051363326
1346,2014,2,26,2,30,0,0,0,2.4626502990722656,11.343652343750026,154.3332862384041
1347,2014,2,26,3,30,0,0,0,2.2092301845550537,10.8386169433594,140.9248202832474
1348,2014,2,26,4,30,0,0,0,1.9696948528289795,10.4235778808594,127.0120333237144
1349,2014,2,26,5,30,0,0,0,1.7103687524795532,10.095788574218775,112.96643970314942
1350,2014,2,26,6,30,0,0,0,1.389699935913086,10.856469726562525,98.93852268441674
1351,2014,2,26,7,30,53,27,297,1.0408713817596436,13.9861999511719,85.03797795697659
1352,2014,2,26,8,30,292,72,688,1.221597671508789,19.066094970703148,71.40528657607027
1353,2014,2,26,9,30,537,93,845,1.5202112197875977,23.372003173828148,58.26605767417099
1354,2014,2,26,10,30,743,105,919,1.3614813089370728,25.804833984375023,46.07782292783524
1355,2014,2,26,11,30,888,113,956,1.257354497909546,27.45491943359377,35.849617669330094
1356,2014,2,26,12,30,959,116,970,1.3736740350723269,28.42904052734377,29.699119967389496
1357,2014,2,26,13,30,951,116,967,1.6521947383880615,28.608453369140648,30.234772711603423
1358,2014,2,26,14,30,865,112,945,2.0055522918701167,28.040643310546894,37.168021529723774
1359,2014,2,26,15,30,709,103,901,2.322951316833496,26.78670654296877,47.78547634756957
1360,2014,2,26,16,30,497,89,819,2.4894850254058842,24.836633300781273,60.15780293351872
1361,2014,2,26,17,30,254,65,659,2.410486221313477,22.195672607421894,73.38936060967947
1362,2014,2,26,18,30,0,0,0,2.1770191192626958,20.277246093750023,87.06931344094427
1363,2014,2,26,19,30,0,0,0,1.8606961965560915,19.667718505859398,100.99259935559613
1364,2014,2,26,20,30,0,0,0,1.3801226615905762,19.041802978515648,115.02268001816735
1365,2014,2,26,21,30,0,0,0,0.8698503971099854,18.062677001953148,129.04644834584857
1366,2014,2,26,22,30,0,0,0,0.7169034481048584,16.915155029296898,142.89055215619922
1367,2014,2,26,23,30,0,0,0,1.0210435390472412,15.600610351562526,156.0852537368326
1368,2014,2,27,0,30,0,0,0,1.4926445484161377,14.281030273437526,166.40521816325546
1369,2014,2,27,1,30,0,0,0,1.976561903953552,13.140344238281275,165.2462258947254
1370,2014,2,27,2,30,0,0,0,2.2477922439575195,12.105920410156275,154.10764082806142
1371,2014,2,27,3,30,0,0,0,2.1928877830505367,11.1403747558594,140.74404442625038
1372,2014,2,27,4,30,0,0,0,1.9702820777893064,10.2872253417969,126.84779028494732
1373,2014,2,27,5,30,0,0,0,1.6975620985031128,9.582727050781275,112.80545372786254
1374,2014,2,27,6,30,0,0,0,1.463402271270752,10.17302856445315,98.77247954270152
1375,2014,2,27,7,30,55,34,240,1.3979265689849854,13.224877929687526,84.85986315923692
1376,2014,2,27,8,30,296,72,693,1.821086406707764,17.856195068359398,71.2072749278192
1377,2014,2,27,9,30,543,93,850,2.404677391052246,21.801171875000023,58.03802055122509
1378,2014,2,27,10,30,752,105,927,2.708240509033203,24.288537597656273,45.80584945653981
1379,2014,2,27,11,30,900,113,967,2.938470363616944,25.947991943359398,35.51930264237945
1380,2014,2,27,12,30,974,116,983,3.1660470962524414,26.812402343750023,29.322348343339076
1381,2014,2,27,13,30,968,116,983,3.360824584960937,26.900415039062523,29.886045335509664
1382,2014,2,27,14,30,884,112,964,3.495617389678955,26.321984863281273,36.901200594843395
1383,2014,2,27,15,30,727,104,924,3.559134721755981,25.138299560546894,47.589891001723004
1384,2014,2,27,16,30,513,90,846,3.5023043155670166,23.255334472656273,60.01061414895687
1385,2014,2,27,17,30,265,66,690,3.1200678348541264,20.395227050781273,73.2737847069245
1386,2014,2,27,18,30,0,0,0,2.673098087310791,17.965631103515648,86.97399053949373
1387,2014,2,27,19,30,0,0,0,2.464534282684326,16.826470947265648,100.90889166319378
1388,2014,2,27,20,30,0,0,0,2.3631887435913086,15.8621765136719,114.94272290444236
1389,2014,2,27,21,30,0,0,0,2.3779773712158203,14.739282226562526,128.96050977657754
1390,2014,2,27,22,30,0,0,0,2.483052015304565,13.527001953125026,142.7821239817859
1391,2014,2,27,23,30,0,0,0,2.600497245788574,12.308679199218775,155.9163002967423
1392,2014,2,28,0,30,0,0,0,2.683760166168213,11.176904296875025,166.08469063562433
1393,2014,2,28,1,30,0,0,0,2.7037923336029053,10.17376098632815,164.90658398281275
1394,2014,2,28,2,30,0,0,0,2.705739498138428,9.38067016601565,153.8756953984675
1395,2014,2,28,3,30,0,0,0,2.738357782363892,8.878625488281275,140.55801510546434
1396,2014,2,28,4,30,0,0,0,2.750443935394287,8.9840026855469,126.6791835270437
1397,2014,2,28,5,30,0,0,0,2.6610803604125977,9.453881835937525,112.6407769044474
1398,2014,2,28,6,30,0,0,0,2.5432112216949463,10.125024414062525,98.60328227256214
1399,2014,2,28,7,30,58,35,256,2.4806430339813232,12.1705261230469,84.67905049148376
1400,2014,2,28,8,30,302,73,703,2.5921993255615234,16.520898437500026,71.00695479520941
1401,2014,2,28,9,30,549,93,856,2.7339649200439453,21.088220214843773,57.80798976283344
1402,2014,2,28,10,30,757,105,930,2.7390637397766118,24.147576904296894,45.532019823622655
1403,2014,2,28,11,30,904,112,968,2.769782543182373,26.277124023437523,35.18687085000963
1404,2014,2,28,12,30,976,116,983,2.866380214691162,27.528527832031273,28.94319177636049
1405,2014,2,28,13,30,969,116,980,3.0128707885742188,27.897454833984398,29.536742211490502
1406,2014,2,28,14,30,882,111,960,3.1096997261047363,27.495355224609398,36.635971960623046
1407,2014,2,28,15,30,724,103,917,3.10237717628479,26.381219482421894,47.396603502783286
1408,2014,2,28,16,30,509,89,836,3.060549259185791,24.497308349609398,59.865677095073565
1409,2014,2,28,17,30,262,66,678,3.041337013244629,21.652276611328148,73.16015375272981
1410,2014,2,28,18,30,0,0,0,3.1777362823486333,19.091638183593773,86.88019274462981
1411,2014,2,28,19,30,0,0,0,3.3896217346191406,17.660119628906273,100.82620184931429
1412,2014,2,28,20,30,0,0,0,3.546584129333496,16.453759765625026,114.8631461017225
1413,2014,2,28,21,30,0,0,0,3.6517508029937744,15.2261901855469,128.87408958559192
1414,2014,2,28,22,30,0,0,0,3.618289470672608,14.0698181152344,142.67193118151997
1415,2014,2,28,23,30,0,0,0,3.4556031227111816,13.037072753906275,155.7436326202115
1416,2014,3,1,0,30,0,0,0,3.220656156539917,12.11614379882815,165.76048094073573
1417,2014,3,1,1,30,0,0,0,2.9475464820861816,11.294213867187526,164.56228273089945
1418,2014,3,1,2,30,0,0,0,2.6744070053100586,10.614099121093775,153.63763702531264
1419,2014,3,1,3,30,0,0,0,2.396668672561645,10.541833496093775,140.36685361177808
1420,2014,3,1,4,30,0,0,0,2.0824708938598637,10.944177246093775,126.5063178119625
1421,2014,3,1,5,30,0,0,0,1.8515042066574097,11.02849731445315,112.47251230392622
1422,2014,3,1,6,30,0,0,0,1.7415611743927002,11.370996093750026,98.43103798540024
1423,2014,3,1,7,30,60,35,263,1.6762319803237915,13.2484069824219,84.49565021686813
1424,2014,3,1,8,30,302,73,699,1.678089618682861,17.577722167968773,70.80445044352778
1425,2014,3,1,9,30,549,92,851,1.7307106256484983,22.541741943359398,57.57610188568375
1426,2014,3,1,10,30,755,104,924,1.7392466068267822,25.962152099609398,45.25648275465122
1427,2014,3,1,11,30,901,112,961,1.6688852310180664,28.124078369140648,34.852468830088675
1428,2014,3,1,12,30,973,115,976,1.556455373764038,29.335015869140648,28.561769495926555
1429,2014,3,1,13,30,965,115,973,1.443445324897766,29.887872314453148,29.18701224183637
1430,2014,3,1,14,30,877,111,952,1.3607885837554932,29.762689208984398,36.37247235630108
1431,2014,3,1,15,30,719,102,908,1.2324552536010742,28.53597412109377,47.20569255365533
1432,2014,3,1,16,30,505,88,826,1.008100509643555,26.329248046875023,59.72302443503682
1433,2014,3,1,17,30,260,65,668,0.8232483863830566,23.56307373046877,73.04846948174908
1434,2014,3,1,18,30,0,0,0,0.7779254913330078,21.585870361328148,86.7879003239444
1435,2014,3,1,19,30,0,0,0,0.8972095251083374,20.873498535156273,100.744493902535
1436,2014,3,1,20,30,0,0,0,1.1807849407196045,20.303277587890648,114.78390079597182
1437,2014,3,1,21,30,0,0,0,1.5429821014404297,19.524346923828148,128.78712938460149
1438,2014,3,1,22,30,0,0,0,1.891807556152344,18.672784423828148,142.55991461376578
1439,2014,3,1,23,30,0,0,0,2.1975889205932617,17.668756103515648,155.56723871351085
1440,2014,3,2,0,30,0,0,0,2.469642639160156,16.296136474609398,165.4327374912802
1441,2014,3,2,1,30,0,0,0,2.6957812309265137,14.700524902343775,164.2135996881349
1442,2014,3,2,2,30,0,0,0,2.8291628360748287,13.295678710937526,153.39365744155606
1443,2014,3,2,3,30,0,0,0,2.852841854095459,12.37761840820315,140.17068606952438
1444,2014,3,2,4,30,0,0,0,2.774847507476806,11.8305603027344,126.32930162387458
1445,2014,3,2,5,30,0,0,0,2.618119239807129,11.43023071289065,112.30076586178822
1446,2014,3,2,6,30,0,0,0,2.408766746520996,11.93450317382815,98.25585601843129
1447,2014,3,2,7,30,63,36,275,2.1882963180541988,14.31047973632815,84.30977845884554
1448,2014,3,2,8,30,306,73,703,2.3482329845428467,18.189630126953148,70.59988752312903
1449,2014,3,2,9,30,553,92,854,2.61782169342041,22.040124511718773,57.34249472124885
1450,2014,3,2,10,30,760,104,927,2.561917304992676,25.057092285156273,44.979388356612475
1451,2014,3,2,11,30,907,111,965,2.4606614112854004,27.22274169921877,34.5162446605876
1452,2014,3,2,12,30,979,115,980,2.389823198318481,28.459405517578148,28.17820090996717
1453,2014,3,2,13,30,971,114,978,2.295494556427002,28.897882080078148,28.837005148828712
1454,2014,3,2,14,30,885,110,958,2.150298595428467,28.476251220703148,36.1108367337132
1455,2014,3,2,15,30,727,102,916,1.973155498504639,27.258081054687523,47.01723335881106
1456,2014,3,2,16,30,512,88,836,1.8113739490509035,25.257623291015648,59.58268539869069
1457,2014,3,2,17,30,265,65,681,1.8131818771362305,22.424157714843773,72.93873078189817
1458,2014,3,2,18,30,0,0,0,1.9715288877487185,20.290063476562523,86.69709138042965
1459,2014,3,2,19,30,0,0,0,2.1141185760498047,19.274194335937523,100.6637303910675
1460,2014,3,2,20,30,0,0,0,2.283586978912353,18.408441162109398,114.70493760039714
1461,2014,3,2,21,30,0,0,0,2.478280782699585,17.644738769531273,128.6995713677523
1462,2014,3,2,22,30,0,0,0,2.589787483215332,16.707940673828148,142.446017711108
1463,2014,3,2,23,30,0,0,0,2.627840995788574,15.4985290527344,155.38711281009148
1464,2014,3,3,0,30,0,0,0,2.627845764160156,14.15471801757815,165.10160751567716
1465,2014,3,3,1,30,0,0,0,2.582791328430176,12.8920837402344,163.86080246879558
1466,2014,3,3,2,30,0,0,0,2.407094955444336,11.85650024414065,153.14395243858013
1467,2014,3,3,3,30,0,0,0,2.1035945415496826,11.0685974121094,139.96964315465564
1468,2014,3,3,4,30,0,0,0,1.7581043243408203,10.465478515625025,126.14824699552513
1469,2014,3,3,5,30,0,0,0,1.3784369230270386,10.0322204589844,112.12564624445513
1470,2014,3,3,6,30,0,0,0,0.9576001167297364,10.603051757812525,98.07784781926168
1471,2014,3,3,7,30,66,36,287,0.5908339619636536,13.6033874511719,84.12155297166628
1472,2014,3,3,8,30,310,73,708,0.6035357117652893,18.954766845703148,70.39339296999258
1473,2014,3,3,9,30,557,92,856,0.9733985662460328,23.662896728515648,57.10730720516353
1474,2014,3,3,10,30,763,104,927,1.1931877136230469,26.359765625000023,44.70088805329344
1475,2014,3,3,11,30,908,111,963,1.0794638395309448,28.067437744140648,34.17834795526271
1476,2014,3,3,12,30,978,114,977,0.7883261442184448,28.880029296875023,27.792605572430812
1477,2014,3,3,13,30,969,113,972,0.5923980474472046,28.750848388671894,28.48687146473175
1478,2014,3,3,14,30,880,109,950,0.6750487089157104,27.963189697265648,35.851198117336786
1479,2014,3,3,15,30,721,101,905,1.0100820064544678,26.222711181640648,46.831297536979974
1480,2014,3,3,16,30,506,87,823,1.6280169486999512,23.454461669921894,59.44468577716954
1481,2014,3,3,17,30,261,64,665,2.3096239566802983,20.542352294921894,72.83093373682736
1482,2014,3,3,18,30,0,0,0,2.621514081954956,18.140832519531273,86.60774192294363
1483,2014,3,3,19,30,0,0,0,2.4746203422546387,16.569421386718773,100.58387255108276
1484,2014,3,3,20,30,0,0,0,2.051633358001709,15.66265258789065,114.62620665998163
1485,2014,3,3,21,30,0,0,0,1.6537613868713381,15.1531921386719,128.61135843393447
1486,2014,3,3,22,30,0,0,0,1.8338723182678225,14.7204528808594,142.33018661245708
1487,2014,3,3,23,30,0,0,0,2.5439047813415527,14.1640563964844,155.2032553337117
1488,2014,3,4,0,30,0,0,0,3.163725614547729,13.4378601074219,164.76723706407256
1489,2014,3,4,1,30,0,0,0,3.498765468597412,12.5580993652344,163.50414923720618
1490,2014,3,4,2,30,0,0,0,3.5298821926116943,11.672021484375026,152.88872129367016
1491,2014,3,4,3,30,0,0,0,3.354457378387451,10.906579589843775,139.76385981226292
1492,2014,3,4,4,30,0,0,0,3.151679515838623,10.278894042968775,125.96326933283108
1493,2014,3,4,5,30,0,0,0,2.9694533348083496,9.75493774414065,111.94726471466345
1494,2014,3,4,6,30,0,0,0,2.756319522857666,10.2462097167969,97.8971268298201
1495,2014,3,4,7,30,69,37,302,2.6066834926605225,12.59368286132815,83.93109303540595
1496,2014,3,4,8,30,316,73,718,2.8306121826171875,15.80767211914065,70.18509490566365
1497,2014,3,4,9,30,565,92,866,3.286176443099976,19.036370849609398,56.87067931558039
1498,2014,3,4,10,30,774,104,938,3.636441707611084,22.368188476562523,44.4211345194052
1499,2014,3,4,11,30,921,111,975,3.8757944107055664,25.134149169921894,33.838929861146305
1500,2014,3,4,12,30,994,114,990,3.998117923736572,26.649682617187523,27.405103152137972
1501,2014,3,4,13,30,985,114,988,4.0100669860839835,27.163201904296894,28.136762521743044
1502,2014,3,4,14,30,897,109,967,3.9564480781555176,26.874047851562523,35.593687450711705
1503,2014,3,4,15,30,737,101,925,3.8376967906951904,25.810083007812523,46.64795303779885
1504,2014,3,4,16,30,520,88,847,3.640376091003418,24.004113769531273,59.309047922522936
1505,2014,3,4,17,30,272,65,696,3.222344160079956,21.152368164062523,72.72507167208215
1506,2014,3,4,18,30,0,0,0,2.8842067718505864,18.534295654296894,86.51982593925831
1507,2014,3,4,19,30,0,0,0,2.89167857170105,17.096612548828148,100.50488037654591
1508,2014,3,4,20,30,0,0,0,3.1262938976287837,15.945825195312526,114.54765775651363
1509,2014,3,4,21,30,0,0,0,3.512812614440918,14.662744140625026,128.5224343079885
1510,2014,3,4,22,30,0,0,0,3.794171333312988,13.17839965820315,142.2123702895755
1511,2014,3,4,23,30,0,0,0,3.8575263023376474,11.845361328125026,155.01567284448646
1512,2014,3,5,0,30,0,0,0,3.7666382789611816,10.899682617187525,164.42977102190397
1513,2014,3,5,1,30,0,0,0,3.61950945854187,10.201989746093775,163.1438891981384
1514,2014,3,5,2,30,0,0,0,3.4638948440551762,9.69500122070315,152.6281662252673
1515,2014,3,5,3,30,0,0,0,3.3248274326324463,9.347619628906275,139.55347497455338
1516,2014,3,5,4,30,0,0,0,3.2423620223999023,9.05071411132815,125.77448723796664
1517,2014,3,5,5,30,0,0,0,3.2319965362548833,8.789025878906273,111.76573499575663
1518,2014,3,5,6,30,0,0,0,3.2209973335266118,9.785852050781275,97.71380836958309
1519,2014,3,5,7,30,75,38,341,3.246527671813965,13.2066589355469,83.73851934973726
1520,2014,3,5,8,30,328,69,756,3.6238608360290527,17.558587646484398,69.97512253641588
1521,2014,3,5,9,30,580,86,899,4.061499118804932,21.016564941406273,56.632751980135794
1522,2014,3,5,10,30,790,96,965,4.291375160217285,23.449578857421894,44.14028161284026
1523,2014,3,5,11,30,935,103,998,4.500563621520996,25.130975341796894,33.49814305757589
1524,2014,3,5,12,30,1006,105,1011,4.631970882415772,26.096154785156273,27.015813402874688
1525,2014,3,5,13,30,997,105,1007,4.6702961921691895,26.367913818359398,27.786830441594724
1526,2014,3,5,14,30,908,101,989,4.619925022125244,25.949975585937523,35.33843343934008
1527,2014,3,5,15,30,747,93,949,4.475668430328369,24.868829345703148,46.467264063144725
1528,2014,3,5,16,30,530,81,876,4.233181953430177,23.10189208984377,59.17579075269629
1529,2014,3,5,17,30,279,59,735,3.7731006145477295,20.299096679687523,72.62113520529535
1530,2014,3,5,18,30,0,0,0,3.4376001358032227,17.619805908203148,86.43331547139465
1531,2014,3,5,19,30,0,0,0,3.400339365005493,16.116998291015648,100.42671271025135
1532,2014,3,5,20,30,0,0,0,3.340137004852295,14.9913269042969,114.4692404136814
1533,2014,3,5,21,30,0,0,0,3.2113804817199707,13.875451660156275,128.43274366022817
1534,2014,3,5,22,30,0,0,0,2.9870965480804443,12.8181091308594,142.0925206672918
1535,2014,3,5,23,30,0,0,0,2.670090913772583,11.85845336914065,154.82437796863118
1536,2014,3,6,0,30,0,0,0,2.2952327728271484,11.017663574218775,164.08935312926042
1537,2014,3,6,1,30,0,0,0,1.882851839065552,10.265222167968775,162.78026308470885
1538,2014,3,6,2,30,0,0,0,1.4655468463897705,9.5783630371094,152.36249187773825
1539,2014,3,6,3,30,0,0,0,1.0567216873168943,8.964013671875025,139.33863128059923
1540,2014,3,6,4,30,0,0,0,0.6252765059471129,8.431512451171898,125.58202233179479
1541,2014,3,6,5,30,0,0,0,0.3254954814910889,7.984246826171898,111.58117313530792
1542,2014,3,6,6,30,0,0,0,0.4560996890068054,8.864221191406275,97.52800951843015
1543,2014,3,6,7,30,77,38,346,0.7263206243515015,12.389978027343775,83.5439539270464
1544,2014,3,6,8,30,327,69,747,0.590658962726593,17.590295410156273,69.76360605186773
1545,2014,3,6,9,30,577,85,888,0.3080557584762573,22.096337890625023,56.39366698180221
1546,2014,3,6,10,30,785,96,956,0.24772316217422485,25.072900390625023,43.85848430527871
1547,2014,3,6,11,30,931,102,990,0.3159863948822021,27.133081054687523,33.156141756810925
1548,2014,3,6,12,30,1003,105,1004,0.4613608121871948,28.39266357421877,26.62485613479879
1549,2014,3,6,13,30,994,104,1002,0.685613751411438,28.819329833984398,27.437228124630586
1550,2014,3,6,14,30,906,100,984,0.8860090374946594,28.344598388671894,35.08556239023717
1551,2014,3,6,15,30,746,93,945,0.9514787197113036,27.05037841796877,46.28929099311457
1552,2014,3,6,16,30,529,80,872,0.8914569616317749,24.932489013671894,59.04492976153489
1553,2014,3,6,17,30,279,59,731,1.3876405954360962,21.777764892578148,72.51911229995399
1554,2014,3,6,18,30,0,0,0,2.2870588302612305,18.789239501953148,86.34818069334032
1555,2014,3,6,19,30,0,0,0,2.71530818939209,16.630944824218773,100.34932733609585
1556,2014,3,6,20,30,0,0,0,2.6889023780822754,14.784631347656275,114.39090400231049
1557,2014,3,6,21,30,0,0,0,2.38360857963562,13.4034362792969,128.34223222434696
1558,2014,3,6,22,30,0,0,0,1.8931531906127932,12.5045104980469,141.9705927373745
1559,2014,3,6,23,30,0,0,0,1.403337478637695,11.926293945312526,154.62938931294292
1560,2014,3,7,0,30,0,0,0,1.3052226305007937,11.4445739746094,163.74612600463448
1561,2014,3,7,1,30,0,0,0,1.6101408004760742,10.932641601562525,162.41350363744195
1562,2014,3,7,2,30,0,0,0,1.9292062520980835,10.432397460937525,152.0919048361669
1563,2014,3,7,3,30,0,0,0,2.1070623397827153,9.993005371093775,139.11947479869914
1564,2014,3,7,4,30,0,0,0,2.189563035964966,9.5696960449219,125.38599907593503
1565,2014,3,7,5,30,0,0,0,2.23638129234314,9.124902343750025,111.39369736839369
1566,2014,3,7,6,30,0,0,0,2.259711503982544,9.90276489257815,97.33984899913284
1567,2014,3,7,7,30,80,38,357,2.3185455799102783,13.180932617187526,83.34751998486092
1568,2014,3,7,8,30,332,69,753,2.591632604598999,17.515588378906273,69.55067652290461
1569,2014,3,7,9,30,583,85,893,2.910881519317627,21.054040527343773,56.15356686323397
1570,2014,3,7,10,30,793,96,962,3.101696491241455,23.63875732421877,43.5758986106521
1571,2014,3,7,11,30,939,102,996,3.246511220932007,25.525628662109398,32.81308170597276
1572,2014,3,7,12,30,1011,105,1010,3.3469018936157227,26.673730468750023,26.232351187149554
1573,2014,3,7,13,30,1001,104,1007,3.43308687210083,27.000238037109398,27.08810923794743
1574,2014,3,7,14,30,912,100,989,3.5140256881713867,26.598565673828148,34.83519804842264
1575,2014,3,7,15,30,751,93,949,3.57119083404541,25.510369873046894,46.11409031719649
1576,2014,3,7,16,30,533,80,876,3.6030058860778813,23.685418701171894,58.916477034201186
1577,2014,3,7,17,30,281,59,736,3.4857985973358154,20.871301269531273,72.41898832292004
1578,2014,3,7,18,30,0,0,0,3.477158546447754,18.287561035156273,86.26438999087006
1579,2014,3,7,19,30,0,0,0,3.707698822021485,17.011865234375026,100.27268107225215
1580,2014,3,7,20,30,0,0,0,3.9137783050537114,16.085137939453148,114.31259784532305
1581,2014,3,7,21,30,0,0,0,4.0574798583984375,14.9139343261719,128.25084691333382
1582,2014,3,7,22,30,0,0,0,4.063422203063965,13.668847656250026,141.84654466574474
1583,2014,3,7,23,30,0,0,0,3.904555797576904,12.62273559570315,154.43073136488482
1584,2014,3,8,0,30,0,0,0,3.666379451751709,11.72820434570315,163.40023117188602
1585,2014,3,8,1,30,0,0,0,3.4208457469940186,10.8786560058594,162.04383606996066
1586,2014,3,8,2,30,0,0,0,3.1131739616394043,10.454431152343775,151.81661317193797
1587,2014,3,8,3,30,0,0,0,2.7102322578430176,10.503625488281275,138.89615475255994
1588,2014,3,8,4,30,0,0,0,2.3678016662597656,10.43059692382815,125.18654459504782
1589,2014,3,8,5,30,0,0,0,2.1603529453277592,10.223779296875025,111.20342798067644
1590,2014,3,8,6,30,0,0,0,1.99091911315918,10.560144042968775,97.14944705979904
1591,2014,3,8,7,30,84,39,372,2.0172960758209233,12.7786804199219,83.1493418379768
1592,2014,3,8,8,30,338,69,761,2.359058141708374,16.914300537109398,69.33646579909393
1593,2014,3,8,9,30,589,85,899,2.663135766983032,20.668664550781273,55.91259482987715
1594,2014,3,8,10,30,798,95,965,2.792153596878052,23.265649414062523,43.29268151143025
1595,2014,3,8,11,30,945,102,999,2.957772016525269,25.234277343750023,32.46912019027344
1596,2014,3,8,12,30,1017,104,1013,3.209357738494873,26.428155517578148,25.83841840228725
1597,2014,3,8,13,30,1007,104,1011,3.484535217285156,26.835473632812523,26.73962820230414
1598,2014,3,8,14,30,918,100,993,3.7120189666748047,26.466088867187523,34.58746143046406
1599,2014,3,8,15,30,756,92,954,3.817086935043335,25.343774414062523,45.941714570796286
1600,2014,3,8,16,30,537,80,881,3.803858757019043,23.497094726562523,58.79044126771071
1601,2014,3,8,17,30,284,59,742,3.5923433303833012,20.670648193359398,72.32074610540286
1602,2014,3,8,18,30,0,0,0,3.395336627960205,17.945458984375023,86.18191004341381
1603,2014,3,8,19,30,0,0,0,3.3788046836853027,16.345300292968773,100.19672986543623
1604,2014,3,8,20,30,0,0,0,3.43074107170105,15.15813598632815,114.23427132254969
1605,2014,3,8,21,30,0,0,0,3.553492546081543,14.012231445312526,128.1585359333157
1606,2014,3,8,22,30,0,0,0,3.634821891784668,12.9422546386719,141.72033789274516
1607,2014,3,8,23,30,0,0,0,3.625770568847656,11.986230468750026,154.22843437952258
1608,2014,3,9,0,30,0,0,0,3.5372533798217773,11.183251953125025,163.0518090894124
1609,2014,3,9,1,30,0,0,0,3.384922504425049,10.467736816406275,161.67147851778674
1610,2014,3,9,2,30,0,0,0,3.0826935768127437,9.818505859375025,151.5368260190295
1611,2014,3,9,3,30,0,0,0,2.6476874351501465,9.2877136230469,138.6688232519781
1612,2014,3,9,4,30,0,0,0,2.233027935028076,8.9824157714844,124.98378849977381
1613,2014,3,9,5,30,0,0,0,1.8624013662338257,9.23516235351565,111.01048717156743
1614,2014,3,9,6,30,0,0,0,1.547594428062439,10.32634887695315,96.95692535623921
1615,2014,3,9,7,30,86,39,377,1.4804294109344482,12.823083496093775,82.94954479025445
1616,2014,3,9,8,30,337,69,754,1.7732911109924316,16.923913574218773,69.12110640544425
1617,2014,3,9,9,30,585,85,888,2.044227123260498,20.671197509765648,55.670894651493654
1618,2014,3,9,10,30,791,95,952,2.1897544860839844,22.92342529296877,43.00899088241188
1619,2014,3,9,11,30,935,101,984,2.454228162765503,24.348809814453148,32.12441603723629
1620,2014,3,9,12,30,1004,103,996,2.808587074279785,24.984765625000023,25.443177601077647
1621,2014,3,9,13,30,993,103,993,3.179154634475708,24.649133300781273,26.391940177391067
1622,2014,3,9,14,30,903,99,973,3.5575313568115234,23.445550537109398,34.342470655685275
1623,2014,3,9,15,30,743,91,934,3.881958723068237,21.720758056640648,45.772212277449
1624,2014,3,9,16,30,528,79,862,3.9994399547576895,19.776208496093773,58.66682779679162
1625,2014,3,9,17,30,280,58,725,3.805645942687988,17.827478027343773,72.22436600744344
1626,2014,3,9,18,30,0,0,0,3.5062732696533203,16.223626708984398,86.10070590784169
1627,2014,3,9,19,30,0,0,0,3.3174118995666504,15.1113220214844,100.12142888577496
1628,2014,3,9,20,30,0,0,0,3.191514015197754,14.165368652343775,114.15587397509177
1629,2014,3,9,21,30,0,0,0,3.1181905269622803,13.214501953125026,128.06524889497177
1630,2014,3,9,22,30,0,0,0,3.0929741859436035,12.339807128906275,141.59193722630297
1631,2014,3,9,23,30,0,0,0,3.0761399269104004,11.5496765136719,154.02253425417368
1632,2014,3,10,0,30,0,0,0,3.0464401245117188,10.81243286132815,162.70099918064233
1633,2014,3,10,1,30,0,0,0,3.013594150543213,10.09490356445315,161.29664246801718
1634,2014,3,10,2,30,0,0,0,2.93257999420166,9.467736816406275,151.2527531808435
1635,2014,3,10,3,30,0,0,0,2.817511796951294,9.247338867187525,138.43763502895422
1636,2014,3,10,4,30,0,0,0,2.676132202148437,9.543420410156275,124.77786271072672
1637,2014,3,10,5,30,0,0,0,2.483516216278076,9.7891784667969,110.81499891778441
1638,2014,3,10,6,30,0,0,0,2.37089467048645,10.338098144531275,96.7624068345438
1639,2014,3,10,7,30,89,40,387,2.487842082977295,12.62017211914065,82.74825502631691
1640,2014,3,10,8,30,248,153,265,3.077144861221313,16.790521240234398,68.90473143864611
1641,2014,3,10,9,30,590,84,890,3.8167741298675537,20.550866699218773,55.42861056228168
1642,2014,3,10,10,30,796,94,954,4.319162845611571,22.842004394531273,42.72498541183773
1643,2014,3,10,11,30,939,100,987,4.753624439239502,24.357904052734398,31.779129621783934
1644,2014,3,10,12,30,1009,103,999,5.160277843475342,24.945764160156273,25.04674855965413
1645,2014,3,10,13,30,997,102,996,5.471694946289063,24.57894287109377,26.04520104497293
1646,2014,3,10,14,30,907,99,976,5.64719295501709,23.554071044921894,34.10034077496143
1647,2014,3,10,15,30,747,91,937,5.673603534698486,22.149316406250023,45.60562789705187
1648,2014,3,10,16,30,531,79,865,5.454680442810059,20.534448242187523,58.54563862490046
1649,2014,3,10,17,30,282,58,728,4.89362907409668,18.738977050781273,72.12982598570017
1650,2014,3,10,18,30,0,0,0,4.427964687347412,17.109002685546898,86.02074110403812
1651,2014,3,10,19,30,0,0,0,4.311846733093262,15.9265075683594,100.04673262239392
1652,2014,3,10,20,30,0,0,0,4.272820472717285,14.896569824218775,114.07735560909208
1653,2014,3,10,21,30,0,0,0,4.221268653869629,13.90325317382815,127.97093692258603
1654,2014,3,10,22,30,0,0,0,4.126629829406738,12.935876464843775,141.46131092774436
1655,2014,3,10,23,30,0,0,0,3.9980251789093018,11.997521972656275,153.81307239214016
1656,2014,3,11,0,30,0,0,0,3.850130796432495,11.114343261718775,162.34793986528422
1657,2014,3,11,1,30,0,0,0,3.6996078491210938,10.258081054687525,160.91953316825385
1658,2014,3,11,2,30,0,0,0,3.5721857547760014,9.529138183593775,150.96460476709552
1659,2014,3,11,3,30,0,0,0,3.462989330291748,9.028161621093775,138.20274717981596
1660,2014,3,11,4,30,0,0,0,3.338054656982422,8.674279785156273,124.56890128401085
1661,2014,3,11,5,30,0,0,0,3.1887967586517334,8.406579589843773,110.61708883738008
1662,2014,3,11,6,30,0,0,0,2.981664657592773,9.60711059570315,96.56601561384643
1663,2014,3,11,7,30,96,42,420,2.9900395870208736,13.256616210937526,82.54559950324355
1664,2014,3,11,8,30,359,70,793,3.3734560012817383,17.435968017578148,68.68747446277406
1665,2014,3,11,9,30,616,86,927,3.705305576324463,20.698663330078148,55.185887159333284
1666,2014,3,11,10,30,829,96,993,3.861924648284912,23.29354248046877,42.44082451956471
1667,2014,3,11,11,30,978,102,1026,3.949677467346192,25.333489990234398,31.433422871888983
1668,2014,3,11,12,30,1050,104,1040,3.937041759490967,26.69930419921877,24.649250987586807
1669,2014,3,11,13,30,1040,104,1038,3.847001075744629,27.32357177734377,25.69956738953539
1670,2014,3,11,14,30,948,100,1021,3.679985761642456,27.18001708984377,33.8611835979687
1671,2014,3,11,15,30,783,92,984,3.4293041229248047,26.22933349609377,45.442001780227756
1672,2014,3,11,16,30,560,80,917,3.1325397491455083,24.407128906250023,58.4268724604682
1673,2014,3,11,17,30,302,59,786,2.811096668243408,21.200402832031273,72.03710166437722
1674,2014,3,11,18,30,0,0,0,2.609745979309082,18.232110595703148,85.94197770221157
1675,2014,3,11,19,30,0,0,0,2.543447494506836,16.788964843750026,99.97259497957243
1676,2014,3,11,20,30,0,0,0,2.498085260391236,15.670678710937526,113.99866639889595
1677,2014,3,11,21,30,0,0,0,2.573986053466797,14.532983398437526,127.87555276030784
1678,2014,3,11,22,30,0,0,0,2.78294038772583,13.385888671875026,141.32843079022845
1679,2014,3,11,23,30,0,0,0,2.988909244537353,12.27276000976565,153.6000955564902
1680,2014,3,12,0,30,0,0,0,3.0730905532836914,11.206628417968775,161.9927685906946
1681,2014,3,12,1,30,0,0,0,3.011725902557373,10.19744262695315,160.54035001394197
1682,2014,3,12,2,30,0,0,0,2.8433549404144287,9.36480102539065,150.67259085989417
1683,2014,3,12,3,30,0,0,0,2.6158130168914795,8.753503417968773,137.96431891396486
1684,2014,3,12,4,30,0,0,0,2.3675765991210938,8.326196289062523,124.35704023842678
1685,2014,3,12,5,30,0,0,0,2.131346702575684,8.064965820312523,110.41688405456966
1686,2014,3,12,6,30,0,0,0,1.9436519145965576,9.604638671875025,96.36787686947851
1687,2014,3,12,7,30,100,42,433,1.647412657737732,13.730493164062526,82.34170584214425
1688,2014,3,12,8,30,362,70,796,1.269617795944214,18.954431152343773,68.46946940438187
1689,2014,3,12,9,30,617,86,925,1.1333277225494385,23.427423095703148,54.942869299452425
1690,2014,3,12,10,30,828,95,988,1.1989479064941406,26.466241455078148,42.15666827199379
1691,2014,3,12,11,30,974,101,1019,1.2533442974090576,28.685845947265648,31.087459274525163
1692,2014,3,12,12,30,1043,104,1030,1.2422966957092283,30.126458740234398,24.250804507478136
1693,2014,3,12,13,30,1031,103,1026,1.1759556531906128,30.733514404296894,25.35519647583604
1694,2014,3,12,14,30,938,99,1007,1.0633206367492676,30.533410644531273,33.62510751905974
1695,2014,3,12,15,30,773,92,968,0.9296305179595948,29.496606445312523,45.28137012931518
1696,2014,3,12,16,30,551,79,897,0.9464852809906006,27.409600830078148,58.31052475831624
1697,2014,3,12,17,30,295,59,761,1.5005853176116943,23.962762451171894,71.94616640941281
1698,2014,3,12,18,30,0,0,0,2.49146580696106,20.533593750000023,85.8643764115337
1699,2014,3,12,19,30,0,0,0,3.3663148880004883,18.249780273437523,99.89896937311913
1700,2014,3,12,20,30,0,0,0,3.9038567543029785,16.429223632812526,113.91975698918556
1701,2014,3,12,21,30,0,0,0,4.099316120147705,14.76934204101565,127.77905087552116
1702,2014,3,12,22,30,0,0,0,4.045775890350342,13.54107055664065,141.19327220944638
1703,2014,3,12,23,30,0,0,0,3.90670108795166,12.79851684570315,153.38365571508282
1704,2014,3,13,0,30,0,0,0,3.7973439693450928,12.30462036132815,161.6356218628784
1705,2014,3,13,1,30,0,0,0,3.715853214263916,11.92119750976565,160.15928691381103
1706,2014,3,13,2,30,0,0,0,3.583893299102783,11.41643676757815,150.37692120823695
1707,2014,3,13,3,30,0,0,0,3.4157423973083496,10.71245727539065,137.72251130986058
1708,2014,3,13,4,30,0,0,0,3.27862548828125,9.938256835937525,124.14241738498596
1709,2014,3,13,5,30,0,0,0,3.144164085388184,9.22796020507815,110.21451306547273
1710,2014,3,13,6,30,0,0,0,2.9380908012390137,9.1661315917969,96.16811671666088
1711,2014,3,13,7,30,102,42,434,2.624450445175171,11.245751953125025,82.13670222005226
1712,2014,3,13,8,30,363,70,790,2.2693462371826167,15.92070922851565,68.25085044722111
1713,2014,3,13,9,30,617,85,919,2.053446054458618,21.204461669921894,54.69970199438552
1714,2014,3,13,10,30,826,95,981,2.1032373905181885,25.164910888671894,41.87267729365097
1715,2014,3,13,11,30,971,101,1012,2.31027889251709,27.587945556640648,30.741403881636227
1716,2014,3,13,12,30,1040,103,1024,2.514554262161255,28.862359619140648,23.85152863605998
1717,2014,3,13,13,30,1027,103,1020,2.648246049880981,29.241113281250023,25.012246222765175
1718,2014,3,13,14,30,935,99,1001,2.647106647491455,28.866998291015648,33.39221734237363
1719,2014,3,13,15,30,770,91,961,2.51133131980896,27.830255126953148,45.12376496597124
1720,2014,3,13,16,30,548,79,890,2.2504658699035645,26.016259765625023,58.19658776607274
1721,2014,3,13,17,30,294,58,755,1.513583421707153,23.194299316406273,71.85699140542408
1722,2014,3,13,18,30,0,0,0,0.6969593167304993,20.555230712890648,85.78789667042699
1723,2014,3,13,19,30,0,0,0,0.6985457539558411,18.999871826171894,99.82580882712769
1724,2014,3,13,20,30,0,0,0,1.2453670501708984,17.692773437500023,113.84057859629084
1725,2014,3,13,21,30,0,0,0,1.851213216781616,16.196343994140648,127.68138755911785
1726,2014,3,13,22,30,0,0,0,2.4262630939483643,14.566186523437526,141.055814246658
1727,2014,3,13,23,30,0,0,0,2.873561382293701,13.0058532714844,153.1638098780015
1728,2014,3,14,0,30,0,0,0,3.1361680030822754,11.66130981445315,161.2766352769107
1729,2014,3,14,1,30,0,0,0,3.228823184967041,10.546044921875025,159.77653263336128
1730,2014,3,14,2,30,0,0,0,3.127196311950684,9.683068847656275,150.07780494962807
1731,2014,3,14,3,30,0,0,0,2.844444274902344,9.066308593750025,137.47748707848828
1732,2014,3,14,4,30,0,0,0,2.488243579864502,8.664178466796898,123.92517215877064
1733,2014,3,14,5,30,0,0,0,2.1375362873077397,8.454766845703148,110.01010560493395
1734,2014,3,14,6,30,0,0,0,1.8398885726928709,9.936975097656275,95.96686209463957
1735,2014,3,14,7,30,105,43,442,1.6282820701599119,14.008142089843775,81.93071726182337
1736,2014,3,14,8,30,365,70,788,1.846808910369873,19.068353271484398,68.03175192629651
1737,2014,3,14,9,30,618,85,916,2.1955134868621826,23.143457031250023,54.456530304164886
1738,2014,3,14,10,30,827,95,978,2.231689453125,25.936639404296894,41.589012675000184
1739,2014,3,14,11,30,973,101,1010,2.2162528038024902,28.03426513671877,30.39542331572235
1740,2014,3,14,12,30,1043,103,1023,2.23042106628418,29.373986816406273,23.45154276679338
1741,2014,3,14,13,30,1031,103,1021,2.270071029663086,29.910180664062523,24.670875172948517
1742,2014,3,14,14,30,939,99,1003,2.370504379272461,29.59481201171877,33.162614106783906
1743,2014,3,14,15,30,775,91,965,2.526998996734619,28.424523925781273,44.96921410583021
1744,2014,3,14,16,30,553,79,896,2.6538965702056885,26.387689208984398,58.08505057568675
1745,2014,3,14,17,30,298,58,764,2.707183361053467,23.164910888671894,71.76954573560988
1746,2014,3,14,18,30,0,0,0,2.744059801101685,20.107751464843773,85.71249673792747
1747,2014,3,14,19,30,0,0,0,2.701791286468506,18.409143066406273,99.75306607084214
1748,2014,3,14,20,30,0,0,0,2.5230555534362797,17.200860595703148,113.76108310823788
1749,2014,3,14,21,30,0,0,0,2.34059476852417,16.052087402343773,127.58252102263648
1750,2014,3,14,22,30,0,0,0,2.277449607849121,14.937890625000026,140.91603968396709
1751,2014,3,14,23,30,0,0,0,2.369801998138428,13.8259216308594,152.94061992840437
1752,2014,3,15,0,30,0,0,0,2.54859471321106,12.695825195312526,160.91594354628202
1753,2014,3,15,1,30,0,0,0,2.702719211578369,11.59404907226565,159.39227111680697
1754,2014,3,15,2,30,0,0,0,2.72476863861084,10.5902038574219,149.7754503577064
1755,2014,3,15,3,30,0,0,0,2.5832655429840092,9.756494140625025,137.2294103347478
1756,2014,3,15,4,30,0,0,0,2.327458143234253,9.1362243652344,123.70544545346736
1757,2014,3,15,5,30,0,0,0,2.0216410160064697,8.769067382812523,109.80379251460847
1758,2014,3,15,6,30,0,0,0,1.6936748027801514,10.1523376464844,95.76424065157423
1759,2014,3,15,7,30,108,43,450,1.3293633460998535,14.050561523437526,81.72387993227242
1760,2014,3,15,8,30,369,70,790,1.4269533157348633,19.288873291015648,67.8123082215402
1761,2014,3,15,9,30,622,85,917,1.8751118183135984,23.735803222656273,54.213499228705714
1762,2014,3,15,10,30,831,95,979,2.194690227508545,26.484887695312523,41.30583587628985
1763,2014,3,15,11,30,976,101,1011,2.542215347290039,28.409173583984398,30.04968577463077
1764,2014,3,15,12,30,1045,103,1023,2.9175055027008057,29.575189208984398,23.050966154058838
1765,2014,3,15,13,30,1032,102,1020,3.2884910106658936,29.889886474609398,24.33124245734645
1766,2014,3,15,14,30,939,98,1001,3.680734395980835,29.353906250000023,32.93639491115355
1767,2014,3,15,15,30,774,91,962,4.058900833129884,28.066430664062523,44.81774114029745
1768,2014,3,15,16,30,551,79,891,4.261688232421875,26.050225830078148,57.97589917986644
1769,2014,3,15,17,30,296,58,757,4.0456485748291025,22.949090576171894,71.68379646432217
1770,2014,3,15,18,30,0,0,0,3.7166976928710938,19.877496337890648,85.63813378627353
1771,2014,3,15,19,30,0,0,0,3.5836174488067627,18.124780273437523,99.68069363542229
1772,2014,3,15,20,30,0,0,0,3.5081095695495605,17.000634765625026,113.68122318356754
1773,2014,3,15,21,30,0,0,0,3.5469071865081787,15.9483581542969,127.48241149182545
1774,2014,3,15,22,30,0,0,0,3.644505262374878,14.901269531250026,140.77393507167915
1775,2014,3,15,23,30,0,0,0,3.7479648590087886,13.857019042968775,152.71415244798882
1776,2014,3,16,0,30,0,0,0,3.8215117454528813,12.87981567382815,160.55368053111783
1777,2014,3,16,1,30,0,0,0,3.814344644546509,12.035607910156275,159.00668178801513
1778,2014,3,16,2,30,0,0,0,3.80968189239502,11.475183105468775,149.47006461452852
1779,2014,3,16,3,30,0,0,0,3.903358459472656,11.231103515625025,136.97844637709125
1780,2014,3,16,4,30,0,0,0,4.097527027130127,11.1125427246094,123.483379458944
1781,2014,3,16,5,30,0,0,0,4.287750720977783,10.996972656250025,109.59570561245258
1782,2014,3,16,6,30,0,0,0,4.298722743988037,11.90667114257815,95.5603806301228
1783,2014,3,16,7,30,111,44,458,4.182689666748047,15.128747558593775,81.51631942860116
1784,2014,3,16,8,30,372,70,791,4.357683181762694,19.514215087890648,67.59265365091625
1785,2014,3,16,9,30,622,85,913,4.714546203613281,23.166619873046894,53.97075359758021
1786,2014,3,16,10,30,829,94,973,4.917795658111572,25.80843505859377,41.023308627192904
1787,2014,3,16,11,30,971,100,1003,5.083264827728272,27.645623779296894,29.704361035163387
1788,2014,3,16,12,30,1039,102,1014,5.288361549377441,28.657495117187523,22.64991789898646
1789,2014,3,16,13,30,1026,102,1011,5.4685025215148935,28.918481445312523,23.993507754105774
1790,2014,3,16,14,30,933,98,992,5.549286365509033,28.503930664062523,32.713652740782535
1791,2014,3,16,15,30,769,90,954,5.562047958374023,27.371392822265648,44.669365425647115
1792,2014,3,16,16,30,549,78,885,5.517577171325684,25.478692626953148,57.869116533274614
1793,2014,3,16,17,30,296,58,753,5.02391242980957,22.571191406250023,71.59970872210154
1794,2014,3,16,18,30,0,0,0,4.441592216491699,19.702813720703148,85.56476399449859
1795,2014,3,16,19,30,0,0,0,4.175682067871094,17.913201904296898,99.60864395065121
1796,2014,3,16,20,30,0,0,0,3.8713009357452393,16.618280029296898,113.60095234874409
1797,2014,3,16,21,30,0,0,0,3.3677778244018555,15.472863769531275,127.38102129678879
1798,2014,3,16,22,30,0,0,0,2.5736083984375,14.48882446289065,140.62949076788584
1799,2014,3,16,23,30,0,0,0,1.8712203502655032,13.676110839843775,152.48447853808182
1800,2014,3,17,0,30,0,0,0,1.891876459121704,12.925317382812526,160.18997926502
1801,2014,3,17,1,30,0,0,0,2.528314113616944,12.112939453125026,158.61993983113808
1802,2014,3,17,2,30,0,0,0,3.1540818214416504,11.13848266601565,149.16185360608412
1803,2014,3,17,3,30,0,0,0,3.54981017112732,9.9046569824219,136.72476147536858
1804,2014,3,17,4,30,0,0,0,3.854140281677246,8.502343750000023,123.2591175018586
1805,2014,3,17,5,30,0,0,0,4.196132183074951,7.158807373046898,109.38597756367115
1806,2014,3,17,6,30,0,0,0,4.446605682373047,6.676324462890648,95.3554107538352
1807,2014,3,17,7,30,114,44,462,4.453521251678467,7.998254394531273,81.30816507309513
1808,2014,3,17,8,30,374,70,789,4.2073278427124015,10.876489257812525,67.37292236307788
1809,2014,3,17,9,30,625,85,912,3.721815586090088,14.565881347656275,53.72843795779737
1810,2014,3,17,10,30,832,95,972,3.060187816619873,18.001855468750023,40.74159282191387
1811,2014,3,17,11,30,974,100,1002,2.3478827476501465,20.859582519531273,29.35962045490265
1812,2014,3,17,12,30,1040,103,1012,1.688415288925171,23.24788818359377,22.248516937001014
1813,2014,3,17,13,30,1025,102,1007,1.1950674057006836,24.712640380859398,23.657831240875353
1814,2014,3,17,14,30,931,98,987,0.9529625177383424,25.075708007812523,32.494476295575645
1815,2014,3,17,15,30,768,90,949,0.8765449523925781,24.327142333984398,44.52410207975203
1816,2014,3,17,16,30,548,78,881,0.8388181328773499,22.549981689453148,57.764682618491726
1817,2014,3,17,17,30,296,58,749,1.0844491720199585,19.617303466796894,71.51724579320037
1818,2014,3,17,18,30,0,0,0,1.5119245052337646,16.746331787109398,85.4923426427808
1819,2014,3,17,19,30,0,0,0,1.4795103073120115,14.97905883789065,99.53686944128157
1820,2014,3,17,20,30,0,0,0,1.3229519128799438,13.7668395996094,113.52022509384683
1821,2014,3,17,21,30,0,0,0,1.828145265579224,12.872216796875026,127.2783149582878
1822,2014,3,17,22,30,0,0,0,2.6952893733978267,12.081079101562526,140.48270097017743
1823,2014,3,17,23,30,0,0,0,3.3208956718444824,11.169030761718775,152.25167363726655
1824,2014,3,18,0,30,0,0,0,3.671020030975342,10.2160583496094,159.82497198040326
1825,2014,3,18,1,30,0,0,0,3.83927583694458,9.325646972656275,158.23221645182224
1826,2014,3,18,2,30,0,0,0,3.8323683738708496,8.612390136718773,148.85102173966737
1827,2014,3,18,3,30,0,0,0,3.739448785781861,8.209436035156273,136.4685226673037
1828,2014,3,18,4,30,0,0,0,3.67722225189209,8.052789306640648,123.03280388961859
1829,2014,3,18,5,30,0,0,0,3.6532509326934814,7.992852783203148,109.1747417533871
1830,2014,3,18,6,30,0,0,0,3.5659399032592773,9.318872070312525,95.14946011446062
1831,2014,3,18,7,30,117,44,467,3.5203499794006348,12.8843933105469,81.0995462061742
1832,2014,3,18,8,30,376,70,786,3.720375061035156,17.215295410156273,67.15324822964288
1833,2014,3,18,9,30,625,85,906,4.017094135284424,20.978662109375023,53.486696459767714
1834,2014,3,18,10,30,830,95,965,4.271348953247069,23.768670654296894,40.46085040955681
1835,2014,3,18,11,30,970,100,995,4.494709968566895,25.586358642578148,29.015636971790514
1836,2014,3,18,12,30,1036,103,1005,4.637763500213623,26.616113281250023,21.846882027180087
1837,2014,3,18,13,30,1020,102,1000,4.6233181953430185,26.998803710937523,23.324373539613205
1838,2014,3,18,14,30,927,98,980,4.462255477905273,26.560845947265648,32.278949820736706
1839,2014,3,18,15,30,459,357,142,4.198040962219238,25.272332763671894,44.381961986319865
1840,2014,3,18,16,30,327,252,140,3.8885247707366943,23.43807373046877,57.66257451661245
1841,2014,3,18,17,30,176,136,127,3.5469088554382324,21.167871093750023,71.43636920527757
1842,2014,3,18,18,30,49,49,0,3.316044330596924,19.062158203125023,85.42082420762502
1843,2014,3,18,19,30,0,0,0,3.245938777923584,17.690820312500023,99.46532262305
1844,2014,3,18,20,30,0,0,0,3.2716464996337886,16.681939697265648,113.43899696675972
1845,2014,3,18,21,30,0,0,0,3.3448548316955566,15.726525878906275,127.17425927020523
1846,2014,3,18,22,30,0,0,0,3.32169508934021,14.793969726562526,140.3335637395071
1847,2014,3,18,23,30,0,0,0,3.1998965740203857,13.811120605468775,152.01581733670434
1848,2014,3,19,0,30,0,0,0,3.0273151397705083,12.792871093750026,159.45879013224254
1849,2014,3,19,1,30,0,0,0,2.840885162353516,11.825769042968775,157.84367911982724
1850,2014,3,19,2,30,0,0,0,2.6365125179290767,10.980065917968775,148.53777178161408
1851,2014,3,19,3,30,0,0,0,2.3979744911193848,10.252038574218775,136.20989756336337
1852,2014,3,19,4,30,0,0,0,2.1105725765228267,9.630517578125025,122.80458375779405
1853,2014,3,19,5,30,0,0,0,1.7633826732635498,9.595849609375025,108.96213216089964
1854,2014,3,19,6,30,0,0,0,1.3698265552520752,10.740869140625025,94.94265806011732
1855,2014,3,19,7,30,118,45,465,1.0659323930740356,13.3419128417969,80.89059207978579
1856,2014,3,19,8,30,374,71,775,1.1056385040283203,18.046929931640648,66.9337647369184
1857,2014,3,19,9,30,621,85,895,1.50953471660614,23.065332031250023,53.245672741217135
1858,2014,3,19,10,30,824,95,954,1.9100654125213623,26.377099609375023,40.181243279444644
1859,2014,3,19,11,30,964,101,984,2.13283371925354,28.548547363281273,28.67258510074539
1860,2014,3,19,12,30,1030,103,995,2.262412071228028,29.897821044921894,21.445131743482023
1861,2014,3,19,13,30,1016,102,992,2.3049850463867188,30.440057373046894,22.99329565310317
1862,2014,3,19,14,30,924,98,974,2.2390098571777344,30.229028320312523,32.06715294085325
1863,2014,3,19,15,30,761,91,936,2.0907769203186035,29.325860595703148,44.2429518070349
1864,2014,3,19,16,30,543,79,865,1.9044992923736568,27.619439697265648,57.56276648222097
1865,2014,3,19,17,30,293,59,731,1.6963093280792236,25.011437988281273,71.3570388212511
1866,2014,3,19,18,30,79,79,0,1.5486531257629397,22.892358398437523,85.35016245757646
1867,2014,3,19,19,30,0,0,0,1.5090932846069336,22.034570312500023,99.39395619806824
1868,2014,3,19,20,30,0,0,0,1.664478421211243,21.331719970703148,113.3572246653599
1869,2014,3,19,21,30,0,0,0,2.0364108085632324,20.123620605468773,127.06882337797458
1870,2014,3,19,22,30,0,0,0,2.438373565673828,18.389245605468773,140.18208101638464
1871,2014,3,19,23,30,0,0,0,2.722188711166382,16.623773193359398,151.7769931938268
1872,2014,3,20,0,30,0,0,0,2.826914072036743,15.25554809570315,159.09156442020182
1873,2014,3,20,1,30,0,0,0,2.7845468521118164,14.364343261718775,157.4544917940605
1874,2014,3,20,2,30,0,0,0,2.653022289276123,13.86748657226565,148.22230471399018
1875,2014,3,20,3,30,0,0,0,2.4770469665527344,13.650964355468775,135.94905416023187
1876,2014,3,20,4,30,0,0,0,2.286034345626831,13.56817016601565,122.57460292104956
1877,2014,3,20,5,30,0,0,0,2.1262598037719727,13.419885253906275,108.74828323588316
1878,2014,3,20,6,30,0,0,0,2.1113815307617188,13.7499938964844,94.73513408449587
1879,2014,3,20,7,30,120,45,464,2.2362072467803955,15.509484863281275,80.68143175122798
1880,2014,3,20,8,30,374,71,766,2.2687742710113525,18.802697753906273,66.71460487731328
1881,2014,3,20,9,30,618,86,885,2.0918121337890625,22.423913574218773,53.00550980917408
1882,2014,3,20,10,30,820,95,944,1.80105721950531,25.175012207031273,39.9029331411914
1883,2014,3,20,11,30,959,101,975,1.4495096206665041,26.797143554687523,28.330640926676946
1884,2014,3,20,12,30,1025,103,987,1.1217550039291382,27.601525878906273,21.043384468019
1885,2014,3,20,13,30,1011,103,984,0.9190104007720948,27.843041992187523,22.66475889189077
1886,2014,3,20,14,30,919,99,966,0.9580804109573364,27.399102783203148,31.85916049807568
1887,2014,3,20,15,30,757,91,927,1.314063310623169,26.231225585937523,44.107074001387275
1888,2014,3,20,16,30,540,79,856,1.979307770729065,24.359735107421894,57.465230022740535
1889,2014,3,20,17,30,291,59,722,2.7613449096679688,21.896875000000023,71.27921293303007
1890,2014,3,20,18,30,77,77,0,3.358961820602417,19.437646484375023,85.28031054941691
1891,2014,3,20,19,30,0,0,0,3.599968433380127,17.566064453125026,99.32272314960636
1892,2014,3,20,20,30,0,0,0,3.479238748550415,16.322900390625026,113.27486612776384
1893,2014,3,20,21,30,0,0,0,3.0923433303833012,15.5748229980469,126.9619788529446
1894,2014,3,20,22,30,0,0,0,2.593237400054932,15.10430297851565,140.02825862938437
1895,2014,3,20,23,30,0,0,0,2.158953189849853,14.80730590820315,151.5352885454159
1896,2014,3,21,0,30,0,0,0,1.9756942987442017,14.51360473632815,158.72342480904183
1897,2014,3,21,1,30,0,0,0,2.1913230419158936,14.1382995605469,157.06481513092874
1898,2014,3,21,2,30,0,0,0,2.453907012939453,14.044396972656275,147.90481960884358
1899,2014,3,21,3,30,0,0,0,2.409797191619873,14.11516723632815,135.68616066274177
1900,2014,3,21,4,30,0,0,0,2.2402026653289795,13.935327148437526,122.34300772780605
1901,2014,3,21,5,30,0,0,0,2.0617737770080566,13.622338867187526,108.53332977632496
1902,2014,3,21,6,30,0,0,0,1.816610097885132,13.880273437500026,94.5270177170918
1903,2014,3,21,7,30,123,45,469,1.6555328369140625,15.7420593261719,80.47219397734155
1904,2014,3,21,8,30,378,72,768,1.7060762643814087,19.427178955078148,66.49590104030752
1905,2014,3,21,9,30,624,87,888,1.809154272079468,23.423150634765648,52.76634991996914
1906,2014,3,21,10,30,827,96,948,1.7680160999298096,26.826135253906273,39.62608139923332
1907,2014,3,21,11,30,968,102,980,1.6197178363800049,29.504815673828148,27.989982093117252
1908,2014,3,21,12,30,1034,105,993,1.5117876529693604,31.047784423828148,20.64175838645997
1909,2014,3,21,13,30,1020,104,990,1.4612971544265747,31.722680664062523,22.338924790811888
1910,2014,3,21,14,30,927,100,971,1.4011330604553225,31.75106201171877,31.655042395433878
1911,2014,3,21,15,30,455,358,135,1.2700674533843994,31.000054931640648,43.974326854543115
1912,2014,3,21,16,30,325,253,132,1.0978255271911619,29.287561035156273,57.36993398184871
1913,2014,3,21,17,30,175,137,118,0.8655954599380493,26.519708251953148,71.20284835701162
1914,2014,3,21,18,30,44,44,0,0.4668436050415039,24.243157958984398,85.21122112462966
1915,2014,3,21,19,30,0,0,0,0.5323204398155212,23.211724853515648,99.25157683606331
1916,2014,3,21,20,30,0,0,0,1.2612296342849731,22.209161376953148,113.1918806204764
1917,2014,3,21,21,30,0,0,0,1.979834794998169,20.952447509765648,126.85369976233179
1918,2014,3,21,22,30,0,0,0,2.436039447784424,19.679681396484398,139.87210629617485
1919,2014,3,21,23,30,0,0,0,2.6027982234954834,18.494195556640648,151.29079432070904
1920,2014,3,22,0,30,0,0,0,2.590735673904419,17.309533691406273,158.35450054730876
1921,2014,3,22,1,30,0,0,0,2.5156848430633545,16.243432617187526,156.6748066770131
1922,2014,3,22,2,30,0,0,0,2.497120857238769,15.38530883789065,147.58551351853754
1923,2014,3,22,3,30,0,0,0,2.5473804473876958,14.62566528320315,135.42138531423535
1924,2014,3,22,4,30,0,0,0,2.572258949279785,13.96062622070315,122.10994491859566
1925,2014,3,22,5,30,0,0,0,2.5608181953430176,13.510827636718775,108.31740680855336
1926,2014,3,22,6,30,0,0,0,2.449897289276123,14.490136718750026,94.3184384145465
1927,2014,3,22,7,30,124,48,449,2.3058724403381348,17.757257080078148,80.26300710932688
1928,2014,3,22,8,30,376,77,743,2.1757860183715816,21.873864746093773,66.2777849030915
1929,2014,3,22,9,30,620,93,864,2.032326459884644,25.192498779296894,52.5283344572579
1930,2014,3,22,10,30,821,104,927,1.941051006317139,27.390893554687523,39.35084902166181
1931,2014,3,22,11,30,961,111,959,1.8732824325561523,28.656701660156273,27.65078778567057
1932,2014,3,22,12,30,1026,114,972,1.8187155723571775,28.995568847656273,20.240371485738365
1933,2014,3,22,13,30,1010,113,968,1.8279623985290527,28.556787109375023,22.015955013772054
1934,2014,3,22,14,30,917,109,947,2.007163047790528,27.556298828125023,31.454863445933558
1935,2014,3,22,15,30,608,305,419,2.326246738433838,26.113336181640648,43.84470451306299
1936,2014,3,22,16,30,432,220,393,2.508397102355957,24.719689941406273,57.27684462693686
1937,2014,3,22,17,30,232,118,351,2.4585742950439453,23.270806884765648,71.12790053117344
1938,2014,3,22,18,30,58,58,0,2.2929062843322754,21.899713134765648,85.14284640606482
1939,2014,3,22,19,30,0,0,0,2.0535731315612797,21.097863769531273,99.18047108401592
1940,2014,3,22,20,30,0,0,0,1.7865076065063477,20.451318359375023,113.10822882433227
1941,2014,3,22,21,30,0,0,0,1.5672937631607056,19.613702392578148,126.74396273501984
1942,2014,3,22,22,30,0,0,0,1.4151387214660645,18.612634277343773,139.71363761721523
1943,2014,3,22,23,30,0,0,0,1.2850204706192017,17.947930908203148,151.0436048555279
1944,2014,3,23,0,30,0,0,0,1.1351066827774048,17.576776123046898,157.9849201843704
1945,2014,3,23,1,30,0,0,0,0.98380708694458,17.133325195312526,156.2846210469221
1946,2014,3,23,2,30,0,0,0,0.8527565002441406,16.726434326171898,147.26458138086323
1947,2014,3,23,3,30,0,0,0,0.7457495331764221,16.182366943359398,135.15489623500164
1948,2014,3,23,4,30,0,0,0,0.6595271825790405,15.5021911621094,121.87556148816687
1949,2014,3,23,5,30,0,0,0,0.5815786123275757,14.8978210449219,108.1006494690924
1950,2014,3,23,6,30,0,0,0,0.4953579306602478,15.540856933593775,94.10952545299513
1951,2014,3,23,7,30,129,49,460,0.4733743667602539,18.673242187500023,80.0539989878294
1952,2014,3,23,8,30,384,78,753,0.7840965390205383,23.733422851562523,66.06038732088835
1953,2014,3,23,9,30,577,185,641,1.028789758682251,28.217675781250023,52.29160380802965
1954,2014,3,23,10,30,763,267,639,0.8664356470108032,31.000909423828148,39.07739640302665
1955,2014,3,23,11,30,891,337,623,0.5967357754707336,32.99517211914065,27.31323870922457
1956,2014,3,23,12,30,950,372,614,0.3434143662452698,34.30864868164065,19.839341554212663
1957,2014,3,23,13,30,935,358,620,0.30711010098457336,34.799157714843766,21.696011245623513
1958,2014,3,23,14,30,466,407,68,0.5502974390983582,34.372521972656266,31.25868322867381
1959,2014,3,23,15,30,382,334,66,0.8860065937042236,32.5594421386719,43.718197028569314
1960,2014,3,23,16,30,271,238,61,1.265073537826538,29.859643554687523,57.18592574040244
1961,2014,3,23,17,30,145,131,42,1.6588997840881348,26.984307861328148,71.05432361372236
1962,2014,3,23,18,30,35,35,0,1.8960847854614256,24.62337646484377,85.07513829465006
1963,2014,3,23,19,30,0,0,0,1.8732216358184812,23.151300048828148,99.10936028014294
1964,2014,3,23,20,30,0,0,0,1.6131260395050049,21.992730712890648,113.023872917977
1965,2014,3,23,21,30,0,0,0,1.1790122985839844,21.064996337890648,126.63274702268579
1966,2014,3,23,22,30,0,0,0,0.7282246351242065,20.017144775390648,139.5528700621357
1967,2014,3,23,23,30,0,0,0,0.7054187059402466,18.987390136718773,150.79381770759795
1968,2014,3,24,0,30,0,0,0,0.9981608390808104,18.036737060546894,157.61481158570098
1969,2014,3,24,1,30,0,0,0,1.1521213054656982,17.085412597656273,155.89441008734426
1970,2014,3,24,2,30,0,0,0,1.1980698108673096,16.385125732421898,146.94221593771914
1971,2014,3,24,3,30,0,0,0,1.2891074419021606,15.84136352539065,134.88686126899276
1972,2014,3,24,4,30,0,0,0,1.442705154418945,15.2796569824219,121.64000455142396
1973,2014,3,24,5,30,0,0,0,1.572920560836792,14.718041992187526,107.88319288868556
1974,2014,3,24,6,30,0,0,0,1.61924147605896,15.450952148437526,93.90040782176128
1975,2014,3,24,7,30,131,50,461,1.7751688957214355,17.924707031250023,79.84529683877435
1976,2014,3,24,8,30,386,79,749,2.1279492378234863,20.889428710937523,65.84383821701891
1977,2014,3,24,9,30,631,96,869,2.4330413341522217,24.13607177734377,52.05629723682888
1978,2014,3,24,10,30,833,107,930,2.5918593406677246,27.687524414062523,38.805883221108346
1979,2014,3,24,11,30,972,114,963,2.6407313346862797,30.444604492187523,26.97751705814403
1980,2014,3,24,12,30,1038,117,976,2.691927433013916,31.864617919921894,19.438786184529008
1981,2014,3,24,13,30,1023,116,973,2.8277187347412114,32.342980957031266,21.379255069779347
1982,2014,3,24,14,30,929,112,953,3.0647192001342773,31.949456787109398,31.06655595257586
1983,2014,3,24,15,30,765,104,912,3.316065549850464,30.765130615234398,43.59479040931545
1984,2014,3,24,16,30,544,90,835,3.4188122749328613,28.856835937500023,57.09713871445094
1985,2014,3,24,17,30,293,68,689,3.095646619796753,25.974969482421894,70.98207058284808
1986,2014,3,24,18,30,72,72,0,2.575112819671631,23.298455810546894,85.0080484660122
1987,2014,3,24,19,30,0,0,0,2.237614631652832,22.019372558593773,99.0381994621718
1988,2014,3,24,20,30,0,0,0,2.015388011932373,21.160211181640648,112.9387766589694
1989,2014,3,24,21,30,0,0,0,1.9316110610961916,20.032586669921894,126.52003455652444
1990,2014,3,24,22,30,0,0,0,1.9968383312225344,18.816003417968773,139.38982494932898
1991,2014,3,24,23,30,0,0,0,2.1353693008422847,17.749291992187523,150.54153347430162
1992,2014,3,25,0,30,0,0,0,2.2866461277008057,16.921685791015648,157.24430194645134
1993,2014,3,25,1,30,0,0,0,2.44179916381836,16.197229003906273,155.5043230280481
1994,2014,3,25,2,30,0,0,0,2.5353169441223145,15.42815551757815,146.61860766591715
1995,2014,3,25,3,30,0,0,0,2.5139880180358887,14.56902465820315,134.61744783821595
1996,2014,3,25,4,30,0,0,0,2.3718366622924805,13.725000000000026,121.40342121312788
1997,2014,3,25,5,30,0,0,0,2.0904390811920166,13.0873962402344,107.66517207822751
1998,2014,3,25,6,30,0,0,0,1.6507785320281982,14.1865173339844,93.69121411798048
1999,2014,3,25,7,30,136,51,470,1.2156102657318115,18.008599853515648,79.63702716964788
2000,2014,3,25,8,30,392,81,753,1.0955238342285156,22.661889648437523,65.628266472699
2001,2014,3,25,9,30,636,98,871,1.231509804725647,26.42318115234377,51.82255275790939
2002,2014,3,25,10,30,838,109,931,1.3699009418487549,29.206781005859398,38.53646828725406
2003,2014,3,25,11,30,976,116,962,1.459768533706665,31.214532470703148,26.64380647812305
2004,2014,3,25,12,30,1039,119,973,1.533803939819336,32.437707519531266,19.038822779368857
2005,2014,3,25,13,30,1022,118,969,1.5856623649597168,32.850244140625016,21.065847830291236
2006,2014,3,25,14,30,392,360,37,1.4818617105484009,32.387780761718766,30.878530328861604
2007,2014,3,25,15,30,322,297,34,1.1561040878295898,30.795526123046894,43.474466679529975
2008,2014,3,25,16,30,228,213,27,1.0798822641372678,28.026666259765648,57.010442649461524
2009,2014,3,25,17,30,122,120,6,1.7810115814208984,24.710015869140648,70.91109333782116
2010,2014,3,25,18,30,29,29,0,2.70931339263916,21.323907470703148,84.94152422099036
2011,2014,3,25,19,30,0,0,0,3.135209083557129,18.267480468750023,98.96694440826795
2012,2014,3,25,20,30,0,0,0,3.13357925415039,16.214227294921898,112.85290546225089
2013,2014,3,25,21,30,0,0,0,2.9188804626464844,15.286889648437526,126.40580999931116
2014,2014,3,25,22,30,0,0,0,2.5386710166931152,14.99224243164065,139.2245274185517
2015,2014,3,25,23,30,0,0,0,2.115997791290283,14.740502929687526,150.2868556128085
2016,2014,3,26,0,30,0,0,0,1.877138376235962,14.254296875000026,156.87351780345972
2017,2014,3,26,1,30,0,0,0,1.8484960794448853,13.6700378417969,155.11450662077897
2018,2014,3,26,2,30,0,0,0,1.9291563034057615,13.10027465820315,146.2939447191767
2019,2014,3,26,3,30,0,0,0,2.0643234252929688,12.536462402343775,134.346822804863
2020,2014,3,26,4,30,0,0,0,2.203424453735352,12.0452819824219,121.16595844145327
2021,2014,3,26,5,30,0,0,0,2.29911470413208,11.696069335937526,107.44672181691445
2022,2014,3,26,6,30,0,0,0,2.351783037185669,12.557397460937526,93.48207244265976
2023,2014,3,26,7,30,139,52,474,2.535466194152832,15.19878540039065,79.42931566636949
2024,2014,3,26,8,30,396,82,754,2.885289192199707,18.791131591796894,65.41379981673418
2025,2014,3,26,9,30,641,100,871,3.191558122634888,22.454980468750023,51.59050700576653
2026,2014,3,26,10,30,842,111,931,3.425236701965332,25.437615966796894,38.269309390404636
2027,2014,3,26,11,30,980,118,962,3.683969736099243,27.521051025390648,26.312292018683443
2028,2014,3,26,12,30,1043,121,973,3.9935698509216313,28.74544677734377,18.63956856038267
2029,2014,3,26,13,30,1025,120,968,4.303873062133788,29.136102294921894,20.755950476921967
2030,2014,3,26,14,30,453,401,60,4.556198120117188,28.769677734375023,30.69464945315783
2031,2014,3,26,15,30,372,330,57,4.687638282775879,27.691705322265648,43.35720394657825
2032,2014,3,26,16,30,265,236,53,4.656135559082031,25.98348388671877,56.92579445537302
2033,2014,3,26,17,30,143,131,35,4.414614677429199,23.676446533203148,70.84134280077389
2034,2014,3,26,18,30,33,33,0,4.141158580780028,21.359124755859398,84.87552567109495
2035,2014,3,26,19,30,0,0,0,4.098280906677246,19.779321289062523,98.89555172530248
2036,2014,3,26,20,30,0,0,0,4.208536148071288,18.397363281250023,112.76622647585451
2037,2014,3,26,21,30,0,0,0,4.306837081909181,16.746362304687526,126.29006079273113
2038,2014,3,26,22,30,0,0,0,4.282978057861328,15.30510864257815,139.05700639715272
2039,2014,3,26,23,30,0,0,0,4.1359167098999015,14.2590270996094,150.02989026338318
2040,2014,3,27,0,30,0,0,0,3.9601352214813232,13.374658203125026,156.5025850455176
2041,2014,3,27,1,30,0,0,0,3.795701026916504,12.5413757324219,154.72510526677064
2042,2014,3,27,2,30,0,0,0,3.5664138793945312,11.8270202636719,145.96841287996045
2043,2014,3,27,3,30,0,0,0,3.295914649963379,11.286950683593775,134.0751523407991
2044,2014,3,27,4,30,0,0,0,3.132514953613281,10.86956176757815,120.92776294529006
2045,2014,3,27,5,30,0,0,0,3.0611250400543213,10.6317077636719,107.22797654240587
2046,2014,3,27,6,30,0,0,0,2.9002368450164795,12.00335083007815,93.27311029785776
2047,2014,3,27,7,30,143,55,469,2.900913715362549,15.833093261718775,79.22228709093359
2048,2014,3,27,8,30,401,88,747,3.2411813735961914,20.022363281250023,65.20056471505893
2049,2014,3,27,9,30,648,107,866,3.563694477081299,23.186029052734398,51.36029510380988
2050,2014,3,27,10,30,851,119,928,3.730694770812988,25.689263916015648,38.004563134507606
2051,2014,3,27,11,30,991,127,960,3.811915397644043,27.602960205078148,25.983160074986746
2052,2014,3,27,12,30,1054,130,972,3.8709001541137695,28.829736328125023,18.241140580613944
2053,2014,3,27,13,30,1036,130,967,3.900610208511353,29.33480224609377,20.449723391829593
2054,2014,3,27,14,30,631,445,216,3.875799655914306,29.110253906250023,30.51495069810851
2055,2014,3,27,15,30,519,366,209,3.790123462677002,28.152520751953148,43.242976475595185
2056,2014,3,27,16,30,369,259,200,3.675995349884033,26.440698242187523,56.843148956284935
2057,2014,3,27,17,30,199,141,175,3.502258777618408,23.766168212890648,70.77276901951852
2058,2014,3,27,18,30,46,46,0,3.363957405090332,21.046838378906273,84.81000020682714
2059,2014,3,27,19,30,0,0,0,3.368448495864868,19.366967773437523,98.82397893532608
2060,2014,3,27,20,30,0,0,0,3.455355167388916,18.203179931640648,112.6787086539155
2061,2014,3,27,21,30,0,0,0,3.561009407043457,17.056207275390648,126.1727772000912
2062,2014,3,27,22,30,0,0,0,3.601945400238037,15.9476257324219,138.88729455989358
2063,2014,3,27,23,30,0,0,0,3.5509653091430664,14.9194274902344,149.77074607630541
2064,2014,3,28,0,30,0,0,0,3.422148466110229,13.979272460937526,156.13162892212833
2065,2014,3,28,1,30,0,0,0,3.24178409576416,13.108361816406275,154.33626113364951
2066,2014,3,28,2,30,0,0,0,3.0145928859710693,12.35051879882815,145.6421955202869
2067,2014,3,28,3,30,0,0,0,2.8167011737823486,11.7423034667969,133.80260180406896
2068,2014,3,28,4,30,0,0,0,2.7448244094848637,11.2337585449219,120.68898105525099
2069,2014,3,28,5,30,0,0,0,2.7532827854156494,10.848474121093775,107.0090702431174
2070,2014,3,28,6,30,0,0,0,2.6278417110443115,12.067224121093775,93.06445448516712
2071,2014,3,28,7,30,145,56,468,2.557034969329834,15.840966796875026,79.01606517957673
2072,2014,3,28,8,30,403,89,741,2.7115540504455566,20.164544677734398,64.98868626027374
2073,2014,3,28,9,30,648,109,860,2.789527177810669,23.554742431640648,51.1320505314941
2074,2014,3,28,10,30,850,121,921,2.802475452423096,26.261590576171894,37.74238476938118
2075,2014,3,28,11,30,988,129,953,2.8632049560546875,28.427453613281273,25.656598317538037
2076,2014,3,28,12,30,1051,132,965,2.912917137145996,29.908227539062523,17.843655740754386
2077,2014,3,28,13,30,1033,131,960,2.9169707298278813,30.543420410156273,20.147326196350814
2078,2014,3,28,14,30,936,127,938,2.8539431095123287,30.356927490234398,30.339465617450298
2079,2014,3,28,15,30,769,117,893,2.699828863143921,29.413079833984398,43.13175477175782
2080,2014,3,28,16,30,548,102,812,2.472466230392456,27.646966552734398,56.76245899766716
2081,2014,3,28,17,30,295,78,658,2.2539234161376958,24.769281005859398,70.70532127079424
2082,2014,3,28,18,30,72,72,0,2.131509780883789,21.909967041015648,84.7448995726854
2083,2014,3,28,19,30,0,0,0,1.9682843685150144,20.287835693359398,98.752184560649
2084,2014,3,28,20,30,0,0,0,1.673912763595581,19.304803466796894,112.59032282666523
2085,2014,3,28,21,30,0,0,0,1.3648457527160645,18.529565429687523,126.05395234416125
2086,2014,3,28,22,30,0,0,0,1.1386020183563232,17.826257324218773,138.71542828287772
2087,2014,3,28,23,30,0,0,0,1.027729630470276,17.075219726562526,149.50953404248187
2088,2014,3,29,0,30,0,0,0,1.022897720336914,16.334619140625026,155.76077405066417
2089,2014,3,29,1,30,0,0,0,1.1671714782714844,15.623620605468775,153.9481142624281
2090,2014,3,29,2,30,0,0,0,1.3713562488555908,14.938378906250026,145.31547357037158
2091,2014,3,29,3,30,0,0,0,1.5574510097503662,14.280419921875026,133.52933562230942
2092,2014,3,29,4,30,0,0,0,1.7923990488052368,13.62346801757815,120.44975860837263
2093,2014,3,29,5,30,0,0,0,2.0548031330108643,13.059228515625026,106.79013635257454
2094,2014,3,29,6,30,0,0,0,2.2371065616607666,14.1726013183594,92.85623100540312
2095,2014,3,29,7,30,147,53,483,2.5424375534057617,17.635705566406273,78.81077254177269
2096,2014,3,29,8,30,401,83,748,3.0904111862182617,21.526910400390648,64.77828806122132
2097,2014,3,29,9,30,643,100,862,3.5478196144104004,24.662744140625023,50.90590498985731
2098,2014,3,29,10,30,842,111,921,3.72956132888794,26.628106689453148,37.482928014856356
2099,2014,3,29,11,30,979,118,952,3.728759765625,27.365930175781273,25.33279560845698
2100,2014,3,29,12,30,1040,121,964,3.697565078735352,27.145715332031273,17.447230809650335
2101,2014,3,29,13,30,1022,120,958,3.711737155914306,26.138787841796894,19.84891753649454
2102,2014,3,29,14,30,925,116,936,3.859676599502564,24.682061767578148,30.168219862352014
2103,2014,3,29,15,30,760,107,892,4.289875030517578,22.82039794921877,43.023505669690636
2104,2014,3,29,16,30,541,93,814,4.891855239868164,20.554925537109398,56.683675556346465
2105,2014,3,29,17,30,292,70,667,5.3270416259765625,18.142297363281273,70.63894816418798
2106,2014,3,29,18,30,68,68,0,5.518913269042969,16.199731445312526,84.68017576535503
2107,2014,3,29,19,30,0,0,0,5.531471252441406,15.1144958496094,98.68012820695984
2108,2014,3,29,20,30,0,0,0,5.447470188140869,14.49382934570315,112.50104176747615
2109,2014,3,29,21,30,0,0,0,5.253152370452881,13.97088012695315,125.93358224028331
2110,2014,3,29,22,30,0,0,0,4.886700630187988,13.54631958007815,138.5414475915789
2111,2014,3,29,23,30,0,0,0,4.465770721435547,13.257592773437526,149.2463673283867
2112,2014,3,30,0,30,0,0,0,4.050734996795653,13.053491210937526,155.3901444219965
2113,2014,3,30,1,30,0,0,0,3.6558301448822017,12.987512207031275,153.56080266528468
2114,2014,3,30,2,30,0,0,0,3.3096311092376713,13.040917968750026,144.98842549439019
2115,2014,3,30,3,30,0,0,0,3.055747985839844,13.014733886718775,133.25551718265348
2116,2014,3,30,4,30,0,0,0,2.858941078186035,12.712426757812526,120.21024083643984
2117,2014,3,30,5,30,0,0,0,2.649446725845337,12.19768676757815,106.57130764592294
2118,2014,3,30,6,30,0,0,0,2.371086597442627,13.121362304687526,92.64856495976986
2119,2014,3,30,7,30,125,70,276,2.1188063621521,15.97869262695315,78.60653055997577
2120,2014,3,30,8,30,337,166,398,2.1237413883209233,19.414178466796894,64.56949213270903
2121,2014,3,30,9,30,646,101,860,2.3788657188415527,22.906274414062523,50.681988265836246
2122,2014,3,30,10,30,846,113,920,2.682621479034424,25.686395263671894,37.22634487849093
2123,2014,3,30,11,30,982,120,951,2.858853816986084,27.094354248046894,25.011941902643727
2124,2014,3,30,12,30,1044,123,964,2.892773151397705,27.131066894531273,17.05198244956074
2125,2014,3,30,13,30,1027,122,960,2.8515012264251713,26.499444580078148,19.554654845571847
2126,2014,3,30,14,30,931,118,939,2.7157082557678223,25.698022460937523,30.001233110805558
2127,2014,3,30,15,30,766,109,896,2.4780917167663574,24.463800048828148,42.918192429952185
2128,2014,3,30,16,30,546,95,819,2.1722984313964844,23.039575195312523,56.60674785263804
2129,2014,3,30,17,30,296,72,673,1.7759466171264648,21.530816650390648,70.57359774613923
2130,2014,3,30,18,30,70,70,0,1.4623278379440308,20.146508789062523,84.61578112727399
2131,2014,3,30,19,30,0,0,0,1.2647218704223633,19.125878906250023,98.60777064474216
2132,2014,3,30,20,30,0,0,0,1.118964433670044,18.230310058593773,112.41084025677013
2133,2014,3,30,21,30,0,0,0,1.313023805618286,17.329034423828148,125.81166582461944
2134,2014,3,30,22,30,0,0,0,1.8324532508850095,16.353692626953148,138.36539610355885
2135,2014,3,30,23,30,0,0,0,2.367865085601806,15.434716796875026,148.9813611153736
2136,2014,3,31,0,30,0,0,0,2.765957355499268,14.615380859375026,155.0198634046807
2137,2014,3,31,1,30,0,0,0,2.9592528343200684,13.792504882812526,153.17446241469034
2138,2014,3,31,2,30,0,0,0,2.9159820079803467,13.002038574218775,144.66122727225545
2139,2014,3,31,3,30,0,0,0,2.693099021911621,12.35405883789065,132.98130872782826
2140,2014,3,31,4,30,0,0,0,2.400139331817627,11.869409179687526,119.97057225788024
2141,2014,3,31,5,30,0,0,0,2.093373537063598,11.5974060058594,106.35271613850851
2142,2014,3,31,6,30,0,0,0,1.7410308122634888,13.0394226074219,92.44158045211796
2143,2014,3,31,7,30,156,56,496,1.4589900970458984,17.070764160156273,78.40345929019736
2144,2014,3,31,8,30,413,86,755,1.3231117725372314,21.822686767578148,64.36241878550214
2145,2014,3,31,9,30,657,104,869,1.0727896690368652,25.527307128906273,50.460428095271254
2146,2014,3,31,10,30,857,115,928,0.8025710582733154,28.116601562500023,36.97278546662305
2147,2014,3,31,11,30,994,122,959,0.7788865566253662,29.994561767578148,24.6942281322944
2148,2014,3,31,12,30,1056,125,971,0.9484716653823853,31.070733642578148,16.658027246669775
2149,2014,3,31,13,30,1037,124,967,1.215941071510315,31.346856689453148,19.264694082789234
2150,2014,3,31,14,30,941,120,946,1.6038213968276978,30.982781982421894,29.838519010994574
2151,2014,3,31,15,30,774,111,903,2.041566133499145,29.992639160156273,42.815774842380854
2152,2014,3,31,16,30,552,97,826,2.374631404876709,28.267449951171894,56.531623464712716
2153,2014,3,31,17,30,300,73,679,2.6252269744873047,25.548364257812523,70.50921760424423
2154,2014,3,31,18,30,71,71,0,2.752655029296875,22.860986328125023,84.55166843904128
2155,2014,3,31,19,30,0,0,0,2.6026525497436523,21.454766845703148,98.53507388871151
2156,2014,3,31,20,30,0,0,0,2.0694026947021484,20.551995849609398,112.31969514279741
2157,2014,3,31,21,30,0,0,0,1.4062387943267822,19.401727294921894,125.68820497773017
2158,2014,3,31,22,30,0,0,0,1.1767640113830566,18.223535156250023,138.1873209660171
2159,2014,3,31,23,30,0,0,0,1.3305470943450928,17.304895019531273,148.71463244356667
2160,2014,4,1,0,30,0,0,0,1.4535207748413086,16.526330566406273,154.65005374767617
2161,2014,4,1,1,30,0,0,0,1.6261122226715088,15.6522155761719,152.78922772450483
2162,2014,4,1,2,30,0,0,0,1.9548788070678709,14.79863891601565,144.3340523868406
2163,2014,4,1,3,30,0,0,0,2.306027412414551,14.08110961914065,132.7068712581997
2164,2014,4,1,4,30,0,0,0,2.5958287715911865,13.364526367187526,119.73089657305052
2165,2014,4,1,5,30,0,0,0,2.8003599643707275,12.711328125000026,106.13449298648487
2166,2014,4,1,6,30,0,0,0,2.7957873344421387,13.7219177246094,92.23540049275906
2167,2014,4,1,7,30,158,57,495,2.7204418182373047,17.235711669921898,78.2016773634337
2168,2014,4,1,8,30,414,87,750,2.6526412963867188,21.456842041015648,64.15718651655703
2169,2014,4,1,9,30,656,105,861,2.491724967956543,25.010736083984398,50.24135002493066
2170,2014,4,1,10,30,854,117,920,2.4038372039794917,27.809564208984398,36.72239778911515
2171,2014,4,1,11,30,990,124,951,2.4424164295196533,29.851342773437523,24.379846073007347
2172,2014,4,1,12,30,1052,127,964,2.5251989364624023,31.115594482421894,16.265481747525385
2173,2014,4,1,13,30,1034,126,960,2.6204147338867188,31.523339843750023,18.979189446293475
2174,2014,4,1,14,30,937,121,939,2.7041709423065186,31.243554687500023,29.68008513920139
2175,2014,4,1,15,30,770,112,894,2.737168788909912,30.052728271484398,42.716209335979016
2176,2014,4,1,16,30,548,98,814,2.68422269821167,27.680047607421894,56.45824844491179
2177,2014,4,1,17,30,297,74,664,2.322892427444458,24.898858642578148,70.4457549714882
2178,2014,4,1,18,30,69,69,0,1.5870373249053955,22.76571044921877,84.4877910107391
2179,2014,4,1,19,30,0,0,0,0.6720751523971558,21.584649658203148,98.46200127509874
2180,2014,4,1,20,30,0,0,0,0.6975528597831726,20.992730712890648,112.2275853991366
2181,2014,4,1,21,30,0,0,0,1.7449123859405518,20.074975585937523,125.56320454312073
2182,2014,4,1,22,30,0,0,0,2.6118648052215576,18.670343017578148,138.00727278842228
2183,2014,4,1,23,30,0,0,0,3.127500057220459,17.329705810546898,148.4463000605986
2184,2014,4,2,0,30,0,0,0,3.390913486480713,15.989221191406275,154.2808375816806
2185,2014,4,2,1,30,0,0,0,3.4892561435699463,14.7994323730469,152.4052310235784
2186,2014,4,2,2,30,0,0,0,3.470489501953125,14.0317321777344,144.00707181579682
2187,2014,4,2,3,30,0,0,0,3.384192943572998,13.603967285156275,132.43236443938352
2188,2014,4,2,4,30,0,0,0,3.2724757194519043,13.19634399414065,119.49135656297108
2189,2014,4,2,5,30,0,0,0,3.1173691749572754,12.857934570312526,105.91676838958016
2190,2014,4,2,6,30,0,0,0,2.8376140594482417,13.845605468750026,92.03014690354277
2191,2014,4,2,7,30,161,58,498,2.6000750064849854,16.728692626953148,78.00130188805828
2192,2014,4,2,8,30,360,157,463,2.72868275642395,20.496392822265648,63.95391189984602
2193,2014,4,2,9,30,662,107,863,2.936903476715088,24.436181640625023,50.024877273811605
2194,2014,4,2,10,30,860,119,922,2.9278841018676762,27.864526367187523,36.47532755797225
2195,2014,4,2,11,30,996,126,952,2.898930072784424,30.170526123046894,24.06898818973623
2196,2014,4,2,12,30,1056,129,964,3.001251220703125,31.408807373046894,15.874462502129262
2197,2014,4,2,13,30,1036,128,958,3.181715965270996,31.837945556640648,18.698293059534464
2198,2014,4,2,14,30,832,358,543,3.3101105690002437,31.498986816406273,29.52593297291986
2199,2014,4,2,15,30,683,260,575,3.3285312652587886,30.463250732421894,42.61944909512785
2200,2014,4,2,16,30,487,179,556,3.2540569305419917,28.461145019531273,56.386567437564004
2201,2014,4,2,17,30,264,110,460,2.9873592853546143,25.53450927734377,70.38315683029309
2202,2014,4,2,18,30,62,62,0,2.67256236076355,23.034326171875023,84.42410277211249
2203,2014,4,2,19,30,0,0,0,2.546992301940918,21.525018310546894,98.38851753693636
2204,2014,4,2,20,30,0,0,0,2.6807608604431152,20.371301269531273,112.13449217884636
2205,2014,4,2,21,30,0,0,0,3.072681665420532,19.168450927734398,125.43667234128364
2206,2014,4,2,22,30,0,0,0,3.4789042472839355,17.770867919921898,137.825305570723
2207,2014,4,2,23,30,0,0,0,3.708423614501953,16.357812500000026,148.17648427516463
2208,2014,4,3,0,30,0,0,0,3.752009391784668,15.09172973632815,153.91233641909525
2209,2014,4,3,1,30,0,0,0,3.676891803741455,13.97698364257815,152.02260302233395
2210,2014,4,3,2,30,0,0,0,3.4922726154327397,13.1101013183594,143.68045402731468
2211,2014,4,3,3,30,0,0,0,3.2301316261291504,12.5090270996094,132.1579465151473
2212,2014,4,3,4,30,0,0,0,2.967505931854248,12.050500488281275,119.25209399129606
2213,2014,4,3,5,30,0,0,0,2.7353932857513428,11.803369140625026,105.69967149584356
2214,2014,4,3,6,30,0,0,0,2.505242347717285,13.216271972656275,91.82594022430513
2215,2014,4,3,7,30,107,83,111,2.460676670074463,16.840600585937526,77.80244835321213
2216,2014,4,3,8,30,424,90,755,2.8540823459625244,21.151147460937523,63.75270947769553
2217,2014,4,3,9,30,668,109,866,3.282437562942505,24.924096679687523,49.811130593791844
2218,2014,4,3,10,30,867,121,925,3.4273803234100337,27.635430908203148,36.23171797991833
2219,2014,4,3,11,30,1003,128,956,3.507256507873535,29.434472656250023,23.761847460801462
2220,2014,4,3,12,30,1066,131,969,3.616043090820313,30.487207031250023,15.48508611451311
2221,2014,4,3,13,30,1048,131,966,3.735835552215576,30.78914794921877,18.422154629934425
2222,2014,4,3,14,30,801,381,481,3.748852252960205,30.426293945312523,29.376057879879202
2223,2014,4,3,15,30,661,285,509,3.6190462112426762,29.405084228515648,42.52544418171608
2224,2014,4,3,16,30,474,211,474,3.4422392845153813,27.608789062500023,56.316523798484106
2225,2014,4,3,17,30,259,122,406,3.1788301467895512,24.740747070312523,70.32137001632843
2226,2014,4,3,18,30,62,62,0,2.8909120559692383,21.683343505859398,84.36055836130559
2227,2014,4,3,19,30,0,0,0,2.647289276123047,19.825463867187523,98.31458887691952
2228,2014,4,3,20,30,0,0,0,2.471388578414917,18.761407470703148,112.04039886522638
2229,2014,4,3,21,30,0,0,0,2.4525938034057617,17.796655273437523,125.30861917878022
2230,2014,4,3,22,30,0,0,0,2.5512757301330566,16.848443603515648,137.64147662728837
2231,2014,4,3,23,30,0,0,0,2.691189765930176,15.827600097656275,147.9053068155506
2232,2014,4,4,0,30,0,0,0,2.765421867370605,14.77495727539065,153.54467115263358
2233,2014,4,4,1,30,0,0,0,2.692347526550293,13.695642089843775,151.64147277284383
2234,2014,4,4,2,30,0,0,0,2.4628610610961914,12.624169921875026,143.35436497933364
2235,2014,4,4,3,30,0,0,0,2.150001049041748,11.70195922851565,131.88377422536706
2236,2014,4,4,4,30,0,0,0,1.845450043678284,10.972070312500025,119.0132495095282
2237,2014,4,4,5,30,0,0,0,1.5861411094665527,10.57976684570315,105.48333030842151
2238,2014,4,4,6,30,0,0,0,1.3571224212646484,12.34490356445315,91.62289962088505
2239,2014,4,4,7,30,173,61,521,1.094294548034668,16.617761230468773,77.60523053332138
2240,2014,4,4,8,30,435,92,770,1.1689751148223877,22.076043701171894,63.55369165291327
2241,2014,4,4,9,30,682,111,880,1.2872345447540283,26.809259033203148,49.600228130055676
2242,2014,4,4,10,30,883,123,938,1.0742303133010864,29.735986328125023,35.99170954358265
2243,2014,4,4,11,30,1019,131,968,0.9134095311164856,31.754541015625023,23.458617178038377
2244,2014,4,4,12,30,1079,134,978,0.8618906140327454,32.982385253906266,15.097469301845422
2245,2014,4,4,13,30,1058,133,973,0.8853816986083984,33.4030700683594,18.150921078991946
2246,2014,4,4,14,30,721,432,330,0.9925374388694764,32.958154296875016,29.23044912314269
2247,2014,4,4,15,30,593,350,329,1.2614104747772217,31.723626708984398,42.43414166287682
2248,2014,4,4,16,30,425,251,312,1.7564253807067869,29.713311767578148,56.2480597154187
2249,2014,4,4,17,30,232,139,275,2.5773653984069824,26.54110107421877,70.26034132178428
2250,2014,4,4,18,30,55,55,0,3.537403106689453,22.835260009765648,84.2971132123022
2251,2014,4,4,19,30,0,0,0,4.120671272277832,19.776147460937523,98.24018303806805
2252,2014,4,4,20,30,0,0,0,4.2398433685302725,17.431176757812526,111.94529111917916
2253,2014,4,4,21,30,0,0,0,4.144959449768066,15.9311462402344,125.17905885280462
2254,2014,4,4,22,30,0,0,0,3.836514949798584,15.243615722656275,137.45584650698095
2255,2014,4,4,23,30,0,0,0,3.39595365524292,14.95476684570315,147.63289069317662
2256,2014,4,5,0,30,0,0,0,3.0543971061706543,14.8041931152344,153.1779620527121
2257,2014,4,5,1,30,0,0,0,2.790482997894287,14.461083984375026,151.26196772276313
2258,2014,4,5,2,30,0,0,0,2.595871925354004,13.8227478027344,143.0289681214228
2259,2014,4,5,3,30,0,0,0,2.6139161586761475,13.144677734375026,131.61000272858342
2260,2014,4,5,4,30,0,0,0,2.881267070770264,12.6466003417969,118.7749625652545
2261,2014,4,5,5,30,0,0,0,3.2577109336853027,12.38164672851565,105.2678715943911
2262,2014,4,5,6,30,0,0,0,3.45775842666626,13.7318054199219,91.42114279435197
2263,2014,4,5,7,30,173,61,510,3.689373016357422,17.601495361328148,77.40976039360622
2264,2014,4,5,8,30,432,93,755,4.09833288192749,22.225274658203148,63.356968581684754
2265,2014,4,5,9,30,675,112,864,4.2754602432250985,26.025994873046894,49.392285281450214
2266,2014,4,5,10,30,871,124,920,4.213686466217041,28.788049316406273,35.755439801365554
2267,2014,4,5,11,30,1003,131,948,4.154484748840332,30.611718750000023,23.159490721228213
2268,2014,4,5,12,30,1059,134,956,4.179989814758302,31.611962890625023,14.711728963151414
2269,2014,4,5,13,30,1035,133,947,4.24625301361084,31.835382080078148,17.884736143292074
2270,2014,4,5,14,30,802,361,504,4.292181968688965,31.256585693359398,29.08908988307005
2271,2014,4,5,15,30,658,269,526,4.3053979873657235,29.95614013671877,42.34548574415126
2272,2014,4,5,16,30,469,210,466,4.280322074890137,28.089898681640648,56.181116329743176
2273,2014,4,5,17,30,255,119,403,4.146392345428467,25.740930175781273,70.20001759802682
2274,2014,4,5,18,30,60,60,0,4.043781280517578,23.316033935546894,84.23372364065095
2275,2014,4,5,19,30,0,0,0,4.140957832336427,21.496148681640648,98.16526937193585
2276,2014,4,5,20,30,0,0,0,4.272951602935791,20.151208496093773,111.84915692302462
2277,2014,4,5,21,30,0,0,0,4.293581008911134,18.851861572265648,125.04800815098456
2278,2014,4,5,22,30,0,0,0,4.195784568786621,17.650384521484398,137.26847890964785
2279,2014,4,5,23,30,0,0,0,4.0452880859375,16.581414794921898,147.35936007106116
2280,2014,4,6,0,30,0,0,0,3.888573884963989,15.6209655761719,152.81232876353292
2281,2014,4,6,1,30,0,0,0,3.739292621612549,14.74041137695315,150.884213763601
2282,2014,4,6,2,30,0,0,0,3.575730323791504,14.010339355468775,142.70442439906532
2283,2014,4,6,3,30,0,0,0,3.394176483154297,13.41887817382815,131.3367855290432
2284,2014,4,6,4,30,0,0,0,3.2439284324646,12.886621093750026,118.53737131345854
2285,2014,4,6,5,30,0,0,0,3.151473999023437,12.57525024414065,105.05342079555076
2286,2014,4,6,6,30,0,0,0,3.0337924957275386,14.112329101562526,91.22078589193212
2287,2014,4,6,7,30,174,62,505,3.2458982467651367,18.288079833984398,77.21614799701496
2288,2014,4,6,8,30,431,94,747,3.8458080291748047,22.705346679687523,63.162648067646025
2289,2014,4,6,9,30,674,113,858,4.261570930480957,26.012475585937523,49.18741456117077
2290,2014,4,6,10,30,873,125,917,4.488175392150879,28.633081054687523,35.52304314672217
2291,2014,4,6,11,30,1007,133,948,4.698286056518555,30.622796630859398,22.8646613050186
2292,2014,4,6,12,30,1067,136,960,4.876993179321289,31.895898437500023,14.327982259045598
2293,2014,4,6,13,30,1045,135,954,4.99250602722168,32.4014831542969,17.623739946059246
2294,2014,4,6,14,30,945,131,931,5.095489501953125,32.091516113281266,28.95195729615096
2295,2014,4,6,15,30,777,121,885,5.252586364746094,30.986718750000023,42.25941790747125
2296,2014,4,6,16,30,555,106,805,5.40477466583252,29.18538818359377,56.1156338586735
2297,2014,4,6,17,30,303,81,653,5.278865337371826,26.59237060546877,70.14034585755002
2298,2014,4,6,18,30,71,71,0,4.996713638305664,23.715875244140648,84.17034692770147
2299,2014,4,6,19,30,0,0,0,4.920326232910156,21.538598632812523,98.08981890430188
2300,2014,4,6,20,30,0,0,0,4.894620418548584,19.968804931640648,111.75198662077706
2301,2014,4,6,21,30,0,0,0,4.714366912841797,18.514093017578148,124.91548684665821
2302,2014,4,6,22,30,0,0,0,4.392610549926759,17.131036376953148,137.07944059939177
2303,2014,4,6,23,30,0,0,0,4.043056011199951,15.8580261230469,147.08484013736106
2304,2014,4,7,0,30,0,0,0,3.740702152252197,14.724816894531275,152.44789029796405
2305,2014,4,7,1,30,0,0,0,3.464484691619873,13.682885742187526,150.50833527362636
2306,2014,4,7,2,30,0,0,0,3.19656753540039,12.78569946289065,142.38089225968858
2307,2014,4,7,3,30,0,0,0,2.936454057693481,12.06890258789065,131.06427440773342
2308,2014,4,7,4,30,0,0,0,2.681369543075561,11.500390625000026,118.30061253064406
2309,2014,4,7,5,30,0,0,0,2.4210522174835205,11.210290527343775,104.84010194114708
2310,2014,4,7,6,30,0,0,0,2.097175121307373,12.85210571289065,91.02194341926592
2311,2014,4,7,7,30,123,90,147,2.03645133972168,17.074792480468773,77.02450141227109
2312,2014,4,7,8,30,373,168,450,2.317389965057373,21.669030761718773,62.97083545701661
2313,2014,4,7,9,30,572,254,484,2.5560836791992188,25.37972412109377,48.98572545800202
2314,2014,4,7,10,30,769,352,510,2.69954252243042,28.311486816406273,35.2946505873344
2315,2014,4,7,11,30,887,442,481,2.8563127517700195,30.434045410156273,22.574321696456092
2316,2014,4,7,12,30,938,482,470,3.057483673095703,31.704522705078148,13.946346704023185
2317,2014,4,7,13,30,920,457,484,3.228773593902588,32.1278015136719,17.368068539498893
2318,2014,4,7,14,30,937,160,887,3.432794570922852,31.616601562500023,28.81902251098752
2319,2014,4,7,15,30,771,140,851,3.658512115478516,30.231134033203148,42.175877053792576
2320,2014,4,7,16,30,552,116,779,3.789594888687134,28.133203125000023,56.051551718252256
2321,2014,4,7,17,30,302,87,631,3.6994667053222656,25.366876220703148,70.08127337501422
2322,2014,4,7,18,30,72,72,0,3.4128143787384038,22.368829345703148,84.1069414029548
2323,2014,4,7,19,30,0,0,0,3.151759147644043,20.165826416015648,98.01380439821608
2324,2014,4,7,20,30,0,0,0,2.833136558532715,18.792718505859398,111.65377295481599
2325,2014,4,7,21,30,0,0,0,2.3737382888793945,17.681726074218773,124.78151768967248
2326,2014,4,7,22,30,0,0,0,1.929252028465271,16.725488281250026,136.88880131481406
2327,2014,4,7,23,30,0,0,0,1.7461532354354858,15.82305297851565,146.8094569836014
2328,2014,4,8,0,30,0,0,0,2.2087693214416504,14.93926391601565,152.08476503121642
2329,2014,4,8,1,30,0,0,0,3.184755802154541,13.939477539062526,150.13445515582907
2330,2014,4,8,2,30,0,0,0,3.970091819763184,12.7698913574219,142.0585276601914
2331,2014,4,8,3,30,0,0,0,4.4361610412597665,12.05388793945315,130.79261935741653
2332,2014,4,8,4,30,0,0,0,4.826720237731934,12.303369140625026,118.0648215318194
2333,2014,4,8,5,30,0,0,0,5.098175048828125,12.88018188476565,104.62803756267056
2334,2014,4,8,6,30,0,0,0,5.329142093658447,13.4070983886719,90.82117045323263
2335,2014,4,8,7,30,119,90,126,5.722231864929199,14.43120727539065,76.83492662349545
2336,2014,4,8,8,30,434,96,738,6.193448066711426,15.97527465820315,62.78163353523252
2337,2014,4,8,9,30,552,266,434,6.38515043258667,17.586450195312526,48.78732429861859
2338,2014,4,8,10,30,725,342,467,6.1919193267822275,19.083612060546894,35.07038951480825
2339,2014,4,8,11,30,836,421,449,5.7821006774902335,20.376000976562523,22.28866390150252
2340,2014,4,8,12,30,886,457,440,5.268508434295653,21.280236816406273,13.566940273158634
2341,2014,4,8,13,30,869,438,451,4.757040977478027,21.602716064453148,17.117853418255592
2342,2014,4,8,14,30,787,371,474,4.393995285034181,21.314874267578148,28.690250761514374
2343,2014,4,8,15,30,648,290,481,4.239806175231934,20.474267578125023,42.094799649849136
2344,2014,4,8,16,30,464,225,425,4.225449562072754,19.256219482421894,55.988808646486795
2345,2014,4,8,17,30,254,128,368,4.245772361755371,17.747583007812523,70.02274778724143
2346,2014,4,8,18,30,61,61,0,4.193115234375,16.220452880859398,84.0434665246931
2347,2014,4,8,19,30,0,0,0,4.149568557739259,15.040795898437526,97.93720041455316
2348,2014,4,8,20,30,0,0,0,4.213331222534181,14.039636230468775,111.554511099033
2349,2014,4,8,21,30,0,0,0,4.3147802352905265,13.063989257812526,124.64612639278612
2350,2014,4,8,22,30,0,0,0,4.3686723709106445,12.2011657714844,136.6966336767525
2351,2014,4,8,23,30,0,0,0,4.331774711608887,11.4936462402344,146.53333748798428
2352,2014,4,9,0,30,0,0,0,4.2168731689453125,10.89043579101565,151.7230706933814
2353,2014,4,9,1,30,0,0,0,4.0879783630371085,10.316430664062525,149.7626948711641
2354,2014,4,9,2,30,0,0,0,3.957338571548462,9.86577758789065,141.7374840754683
2355,2014,4,9,3,30,0,0,0,3.8171427249908447,9.514123535156275,130.52196852104754
2356,2014,4,9,4,30,0,0,0,3.7464063167572017,9.11162719726565,117.83013209007454
2357,2014,4,9,5,30,0,0,0,3.7723469734191895,8.695642089843773,104.41734861038607
2358,2014,4,9,6,30,0,0,0,3.813585996627808,9.7381530761719,90.62458802587848
2359,2014,4,9,7,30,166,80,374,4.0013771057128915,13.211999511718775,76.64752744116275
2360,2014,4,9,8,30,445,98,753,4.185410976409912,17.485253906250026,62.595142425009286
2361,2014,4,9,9,30,689,118,863,4.119997024536134,21.319970703125023,48.59231411109703
2362,2014,4,9,10,30,887,131,921,3.947519063949585,24.600854492187523,34.850383471654894
2363,2014,4,9,11,30,1021,138,951,3.7596056461334233,27.12362060546877,22.007878818814287
2364,2014,4,9,12,30,1079,142,962,3.621536254882813,28.618371582031273,13.18988152535151
2365,2014,4,9,13,30,1057,141,957,3.571439266204834,28.983331298828148,16.87322100524861
2366,2014,4,9,14,30,708,431,315,3.677060604095459,28.220178222656273,28.56560145737832
2367,2014,4,9,15,30,582,358,301,3.941356420516968,26.395654296875023,42.0161198787528
2368,2014,4,9,16,30,416,257,283,4.2525243759155265,23.769799804687523,55.927342826692374
2369,2014,4,9,17,30,227,143,245,4.551476955413818,20.857476806640648,69.96471719214054
2370,2014,4,9,18,30,54,54,0,4.710451602935791,18.355767822265648,83.97988295858757
2371,2014,4,9,19,30,0,0,0,4.526919364929199,16.610742187500026,97.85998336965122
2372,2014,4,9,20,30,0,0,0,4.121081352233887,15.3450866699219,111.454198688188
2373,2014,4,9,21,30,0,0,0,3.753417491912842,14.3962341308594,124.50934161369518
2374,2014,4,9,22,30,0,0,0,3.438115119934082,13.79253540039065,136.503013093513
2375,2014,4,9,23,30,0,0,0,3.126861572265625,13.374902343750026,146.25660920322986
2376,2014,4,10,0,30,0,0,0,2.841386318206787,13.05291137695315,151.36292436084398
2377,2014,4,10,1,30,0,0,0,2.616317749023437,12.8737731933594,149.3931744674739
2378,2014,4,10,2,30,0,0,0,2.393673896789551,12.7672058105469,141.41791250770476
2379,2014,4,10,3,30,0,0,0,2.17889404296875,12.61309204101565,130.25246813366698
2380,2014,4,10,4,30,0,0,0,2.042034149169922,12.45806274414065,117.59667635888651
2381,2014,4,10,5,30,0,0,0,1.955254316329956,12.391442871093775,104.20815437199713
2382,2014,4,10,6,30,0,0,0,1.845787763595581,13.710290527343775,90.43073638767821
2383,2014,4,10,7,30,187,66,515,1.7244484424591064,17.439111328125026,76.46240541470921
2384,2014,4,10,8,30,365,189,380,1.5906099081039429,22.095117187500023,62.41145948627555
2385,2014,4,10,9,30,545,290,384,1.482754468917847,26.060998535156273,48.400794490275906
2386,2014,4,10,10,30,802,317,588,1.572502851486206,29.03450927734377,34.63475191641061
2387,2014,4,10,11,30,922,391,571,1.8431613445281985,31.051873779296894,21.732155859570227
2388,2014,4,10,12,30,976,424,566,2.1911640167236333,32.097741699218766,12.815289745680433
2389,2014,4,10,13,30,958,403,579,2.54339599609375,32.2139831542969,16.63429211131141
2390,2014,4,10,14,30,953,137,928,2.8396120071411133,31.556115722656273,28.44502829136548
2391,2014,4,10,15,30,785,127,884,3.026979923248291,30.223748779296894,41.939769793903295
2392,2014,4,10,16,30,563,111,805,3.1118288040161133,28.212823486328148,55.867092010690136
2393,2014,4,10,17,30,310,85,654,3.296653509140014,25.389428710937523,69.90713024619956
2394,2014,4,10,18,30,75,75,0,3.6616322994232178,22.119165039062523,83.9161526542829
2395,2014,4,10,19,30,0,0,0,3.918851375579834,19.487084960937523,97.7821315903572
2396,2014,4,10,20,30,0,0,0,3.9314212799072266,17.668756103515648,111.35283584379364
2397,2014,4,10,21,30,0,0,0,3.81667423248291,16.281304931640648,124.37119493290777
2398,2014,4,10,22,30,0,0,0,3.6080751419067374,15.246972656250026,136.30801766418068
2399,2014,4,10,23,30,0,0,0,3.392993450164795,14.401696777343775,145.97940024910798
2400,2014,4,11,0,30,0,0,0,3.298920154571533,13.661706542968775,151.00444244656876
2401,2014,4,11,1,30,0,0,0,3.3158063888549805,12.9807067871094,149.0260126042831
2402,2014,4,11,2,30,0,0,0,3.3001623153686523,12.352014160156275,141.09996149604285
2403,2014,4,11,3,30,0,0,0,3.1659281253814697,11.785729980468775,129.98426246727223
2404,2014,4,11,4,30,0,0,0,2.958441257476806,11.25823364257815,117.36458479680263
2405,2014,4,11,5,30,0,0,0,2.740805149078369,10.9495788574219,104.0005723930547
2406,2014,4,11,6,30,0,0,0,2.4292855262756348,12.56646118164065,90.23934115500765
2407,2014,4,11,7,30,191,67,521,1.9552657604217532,16.981805419921898,76.27965974685189
2408,2014,4,11,8,30,448,99,748,1.1803209781646729,22.671441650390648,62.23067921798277
2409,2014,4,11,9,30,689,119,854,0.5511184334754944,27.815362548828148,48.212861465176275
2410,2014,4,11,10,30,884,132,911,0.7192609906196594,31.226708984375023,34.42360998771267
2411,2014,4,11,11,30,1016,140,940,1.1915147304534912,33.15886840820315,21.46168253199868
2412,2014,4,11,12,30,1073,143,951,1.5203354358673096,34.16436157226565,12.443285109819756
2413,2014,4,11,13,30,1050,143,945,1.7701218128204346,34.33904418945315,16.401181370863963
2414,2014,4,11,14,30,949,137,922,1.964230298995972,33.743066406250016,28.328479363689176
2415,2014,4,11,15,30,781,128,876,2.1454648971557617,32.4302917480469,41.86567947599298
2416,2014,4,11,16,30,559,112,795,2.3359274864196777,30.40487060546877,55.807993641706524
2417,2014,4,11,17,30,307,85,642,2.5196857452392583,27.512109375000023,69.84993626072338
2418,2014,4,11,18,30,74,74,0,2.8603243827819824,24.50228271484377,83.85223891991983
2419,2014,4,11,19,30,0,0,0,3.2420382499694824,22.531518554687523,97.70362536605236
2420,2014,4,11,20,30,0,0,0,3.3713631629943848,20.872216796875023,111.25042519615972
2421,2014,4,11,21,30,0,0,0,3.3800606727600098,18.985925292968773,124.23172082749448
2422,2014,4,11,22,30,0,0,0,3.3478589057922363,17.527978515625026,136.11172808010446
2423,2014,4,11,23,30,0,0,0,3.2261371612548833,16.441796875000026,145.70183920945863
2424,2014,4,12,0,30,0,0,0,3.063891887664795,15.4486022949219,150.6477406893467
2425,2014,4,12,1,30,0,0,0,2.9453670978546143,14.54766235351565,148.66132657376156
2426,2014,4,12,2,30,0,0,0,2.898040294647217,13.84258422851565,140.78377712645315
2427,2014,4,12,3,30,0,0,0,2.9190542697906494,13.3388610839844,129.7174937785352
2428,2014,4,12,4,30,0,0,0,2.9478483200073238,12.930383300781275,117.13398609460266
2429,2014,4,12,5,30,0,0,0,2.908410787582397,12.7512145996094,103.7947183993376
2430,2014,4,12,6,30,0,0,0,2.7506542205810547,14.385400390625026,90.04998213361941
2431,2014,4,12,7,30,187,66,503,2.4318161010742188,18.334313964843773,76.0993872096501
2432,2014,4,12,8,30,438,99,724,1.9944514036178589,23.050073242187523,62.05289316210304
2433,2014,4,12,9,30,674,119,830,1.5916397571563718,27.354028320312523,48.02860736901575
2434,2014,4,12,10,30,865,132,887,1.3524501323699951,30.728570556640648,34.21706826838126
2435,2014,4,12,11,30,994,139,917,1.2488391399383545,33.148645019531266,21.196643989905372
2436,2014,4,12,12,30,1050,143,928,1.2177139520645142,34.657861328125016,12.073988874071743
2437,2014,4,12,13,30,1028,142,922,1.2392432689666748,35.27535400390627,16.17399665654909
2438,2014,4,12,14,30,931,137,900,1.2721941471099854,35.069238281250016,28.2158973226179
2439,2014,4,12,15,30,766,127,856,1.2618892192840576,34.142419433593766,41.7937771924925
2440,2014,4,12,16,30,549,111,778,1.1837255954742432,32.376977539062516,55.74998497681364
2441,2014,4,12,17,30,302,85,628,0.8896801471710205,29.498681640625023,69.79308529644929
2442,2014,4,12,18,30,73,73,0,0.5035079717636108,26.256097412109398,83.78810649439771
2443,2014,4,12,19,30,0,0,0,0.5257178544998169,24.28865966796877,97.62444699790116
2444,2014,4,12,20,30,0,0,0,0.9229497909545898,23.212213134765648,111.14697190288672
2445,2014,4,12,21,30,0,0,0,1.5075602531433103,22.099633789062523,124.09095664086162
2446,2014,4,12,22,30,0,0,0,2.278545379638672,20.957604980468773,135.91422752489865
2447,2014,4,12,23,30,0,0,0,2.995967388153076,19.622277832031273,145.4240550334659
2448,2014,4,13,0,30,0,0,0,3.4723339080810547,18.035577392578148,150.29293414193697
2449,2014,4,13,1,30,0,0,0,3.717009544372559,16.275994873046898,148.2992323180782
2450,2014,4,13,2,30,0,0,0,3.775606870651245,14.81218872070315,140.46950304150658
2451,2014,4,13,3,30,0,0,0,3.712936401367188,13.976770019531275,129.4523022591445
2452,2014,4,13,4,30,0,0,0,3.590531349182129,13.5450378417969,116.90500710471993
2453,2014,4,13,5,30,0,0,0,3.4394357204437256,13.3673034667969,103.59070622105128
2454,2014,4,13,6,30,0,0,0,3.2198820114135738,14.974633789062526,89.8627640668775
2455,2014,4,13,7,30,193,68,515,3.159432411193848,19.095117187500023,75.92168206248874
2456,2014,4,13,8,30,448,100,737,3.439887046813965,23.819696044921894,61.878189809986935
2457,2014,4,13,9,30,687,120,844,3.689077138900757,27.696160888671894,47.84812071222083
2458,2014,4,13,10,30,880,133,901,3.7033424377441406,30.659661865234398,34.01523255053205
2459,2014,4,13,11,30,1011,141,931,3.6078150272369385,32.90532836914065,20.937222544539352
2460,2014,4,13,12,30,1068,145,943,3.5145368576049805,34.3525329589844,11.707523595162316
2461,2014,4,13,13,30,1046,144,938,3.4750151634216313,34.9383483886719,15.952838476251939
2462,2014,4,13,14,30,947,139,916,3.487170696258545,34.6418395996094,28.107219521149425
2463,2014,4,13,15,30,779,129,871,3.5406219959259038,33.488671875000016,41.723989559391825
2464,2014,4,13,16,30,558,113,790,3.6160225868225098,31.555780029296894,55.693003208650886
2465,2014,4,13,17,30,307,86,637,3.5880112648010254,28.79110107421877,69.73652825661489
2466,2014,4,13,18,30,75,75,0,3.506785154342652,25.618890380859398,83.72372161741252
2467,2014,4,13,19,30,0,0,0,3.5524206161499023,23.279504394531273,97.54458084503914
2468,2014,4,13,20,30,0,0,0,3.696925163269043,21.774652099609398,111.04248366363255
2469,2014,4,13,21,30,0,0,0,3.8775246143341056,20.329370117187523,123.94894254864364
2470,2014,4,13,22,30,0,0,0,4.021094799041748,18.954278564453148,135.71560157318862
2471,2014,4,13,23,30,0,0,0,4.035820007324219,17.713189697265648,145.14617694121364
2472,2014,4,14,0,30,0,0,0,3.910663604736328,16.633691406250026,149.94013715824974
2473,2014,4,14,1,30,0,0,0,3.68561053276062,15.610559082031275,147.93984444337445
2474,2014,4,14,2,30,0,0,0,3.403370857238769,14.60942993164065,140.1572804499192
2475,2014,4,14,3,30,0,0,0,3.132174015045166,13.7329040527344,129.18882598859176
2476,2014,4,14,4,30,0,0,0,2.9092273712158203,12.98357543945315,116.67777277293926
2477,2014,4,14,5,30,0,0,0,2.726346254348755,12.5574890136719,103.38864771894512
2478,2014,4,14,6,30,0,0,0,2.4766879081726074,14.157556152343775,89.67778938219799
2479,2014,4,14,7,30,199,69,528,2.3797378540039062,18.767358398437523,75.74663597213268
2480,2014,4,14,8,30,457,102,749,2.633177757263184,24.28133544921877,61.70665451137165
2481,2014,4,14,9,30,697,122,854,2.8703899383544917,28.625146484375023,47.671486058918035
2482,2014,4,14,10,30,891,134,910,2.9516589641571045,31.661981201171894,33.81820360288431
2483,2014,4,14,11,30,1021,142,939,2.9977760314941406,33.788720703125016,20.68359713989336
2484,2014,4,14,12,30,1076,146,949,3.040526866912842,35.077539062500016,11.344013384796623
2485,2014,4,14,13,30,1052,145,943,3.087203025817871,35.50209960937502,15.737799357026816
2486,2014,4,14,14,30,952,140,919,3.1706647872924805,35.0685974121094,28.002378188931647
2487,2014,4,14,15,30,783,130,874,3.239539384841919,33.8870788574219,41.65624170461635
2488,2014,4,14,16,30,561,113,793,3.231957197189331,32.000146484375016,55.636985586212404
2489,2014,4,14,17,30,310,87,642,3.1234354972839355,29.244805908203148,69.6802169782222
2490,2014,4,14,18,30,76,76,0,2.827314853668213,26.085473632812523,83.65905209716081
2491,2014,4,14,19,30,0,0,0,2.1712174415588383,23.913964843750023,97.46401336792887
2492,2014,4,14,20,30,0,0,0,1.2575533390045166,22.613336181640648,110.93697073123629
2493,2014,4,14,21,30,0,0,0,1.5335612297058103,21.207238769531273,123.80572152091055
2494,2014,4,14,22,30,0,0,0,2.7509174346923833,19.658166503906273,135.5159380884229
2495,2014,4,14,23,30,0,0,0,3.5983011722564697,18.151269531250023,144.8683343332043
2496,2014,4,15,0,30,0,0,0,4.4149208068847665,16.816247558593773,149.58946337948078
2497,2014,4,15,1,30,0,0,0,5.241114139556885,15.666833496093775,147.58327623053503
2498,2014,4,15,2,30,0,0,0,5.57066011428833,14.813134765625026,139.84724813559805
2499,2014,4,15,3,30,0,0,0,5.492290019989014,14.0904479980469,128.92720088911355
2500,2014,4,15,4,30,0,0,0,5.41996955871582,13.020593261718775,116.45240607221444
2501,2014,4,15,5,30,0,0,0,5.3517937660217285,11.543298339843775,103.1886527122702
2502,2014,4,15,6,30,0,0,0,5.346692085266113,10.9431091308594,89.49515811674637
2503,2014,4,15,7,30,197,69,513,5.29994535446167,12.371179199218775,75.57433793478592
2504,2014,4,15,8,30,448,101,727,5.128271102905273,15.07415161132815,61.53836938607279
2505,2014,4,15,9,30,682,120,831,4.8450469970703125,18.132897949218773,47.49878390733402
2506,2014,4,15,10,30,873,133,887,4.41496467590332,21.331689453125023,33.62607694138365
2507,2014,4,15,11,30,1001,141,917,3.871397495269776,24.437738037109398,20.435942791735357
2508,2014,4,15,12,30,1055,145,927,3.2606496810913086,27.103570556640648,10.983584204822336
2509,2014,4,15,13,30,1030,144,920,2.6288952827453613,28.576623535156273,15.528963220827649
2510,2014,4,15,14,30,929,138,894,2.117928504943848,27.942254638671894,27.901300619101384
2511,2014,4,15,15,30,760,128,845,1.8722474575042725,25.914453125000023,41.590457432903854
2512,2014,4,15,16,30,542,112,760,1.862264633178711,23.745996093750023,55.58186953465808
2513,2014,4,15,17,30,297,86,607,2.095834255218506,21.516381835937523,69.6241043214812
2514,2014,4,15,18,30,72,72,0,2.473528385162353,19.314111328125023,83.5940673755326
2515,2014,4,15,19,30,0,0,0,2.604461193084717,17.492883300781273,97.38273316847211
2516,2014,4,15,20,30,0,0,0,2.40294885635376,16.325708007812526,110.83044591924894
2517,2014,4,15,21,30,0,0,0,2.1793909072875977,15.766870117187526,123.66133928072139
2518,2014,4,15,22,30,0,0,0,2.264310359954834,15.384362792968775,135.31532711981086
2519,2014,4,15,23,30,0,0,0,2.7007369995117188,14.8914733886719,144.59065670372928
2520,2014,4,16,0,30,0,0,0,3.231187582015991,14.28191528320315,149.2410257192748
2521,2014,4,16,1,30,0,0,0,3.6010618209838867,13.460412597656275,147.2296396429861
2522,2014,4,16,2,30,0,0,0,3.5914556980133057,12.5046325683594,139.53954246613512
2523,2014,4,16,3,30,0,0,0,3.294763803482056,11.670739746093775,128.66756068269882
2524,2014,4,16,4,30,0,0,0,3.0002384185791016,11.061669921875025,116.22902793859885
2525,2014,4,16,5,30,0,0,0,2.79426383972168,10.86467895507815,102.9908289086122
2526,2014,4,16,6,30,0,0,0,2.594491004943848,12.4984069824219,89.31496784594566
2527,2014,4,16,7,30,203,70,528,2.574336051940918,16.083276367187526,75.40487420058383
2528,2014,4,16,8,30,457,102,741,2.8635199069976807,19.878778076171894,61.373413238895886
2529,2014,4,16,9,30,693,121,842,3.1796643733978267,23.430902099609398,47.33009057457431
2530,2014,4,16,10,30,882,134,896,3.420064210891724,26.515802001953148,33.43894260453951
2531,2014,4,16,11,30,1009,142,923,3.6588621139526367,28.771447753906273,20.19442999152095
2532,2014,4,16,12,30,1062,145,933,3.8652729988098153,30.263940429687523,10.626364210090458
2533,2014,4,16,13,30,1038,144,927,3.981777667999268,30.988061523437523,15.326404757903347
2534,2014,4,16,14,30,938,139,903,4.054708480834962,30.920556640625023,27.803909368865856
2535,2014,4,16,15,30,771,129,857,4.123265266418457,30.039697265625023,41.526559391642316
2536,2014,4,16,16,30,551,113,773,4.186341285705566,28.383966064453148,55.52759277386713
2537,2014,4,16,17,30,303,86,619,4.097132682800293,25.850701904296894,69.56814425727653
2538,2014,4,16,18,30,74,46,253,3.9368510246276855,23.27767333984377,83.52873859087751
2539,2014,4,16,19,30,0,0,0,4.004229545593262,21.759057617187523,97.30073102719228
2540,2014,4,16,20,30,0,0,0,4.226634979248047,20.685968017578148,110.7229246057234
2541,2014,4,16,21,30,0,0,0,4.402772903442383,19.352197265625023,123.5158442592392
2542,2014,4,16,22,30,0,0,0,4.416661262512207,17.896630859375023,135.11386079891838
2543,2014,4,16,23,30,0,0,0,4.249140739440918,16.636285400390648,144.31327355793135
2544,2014,4,17,0,30,0,0,0,4.021897792816162,15.60637817382815,148.8949363479506
2545,2014,4,17,1,30,0,0,0,3.837779998779297,14.6879821777344,146.87904533166682
2546,2014,4,17,2,30,0,0,0,3.607231855392456,13.9997497558594,139.23429740055713
2547,2014,4,17,3,30,0,0,0,3.3077163696289062,13.55938110351565,128.41003684997452
2548,2014,4,17,4,30,0,0,0,3.0670313835144043,13.16143188476565,116.00775720913552
2549,2014,4,17,5,30,0,0,0,2.90993070602417,12.918664550781275,102.7952818356181
2550,2014,4,17,6,30,0,0,0,2.7479894161224365,14.283044433593775,89.13731361457991
2551,2014,4,17,7,30,31,31,0,2.7139039039611816,17.840997314453148,75.23832820035274
2552,2014,4,17,8,30,457,102,737,2.887317657470703,21.933892822265648,61.21186147771715
2553,2014,4,17,9,30,506,324,268,3.0042545795440674,25.420587158203148,47.1654780863654
2554,2014,4,17,10,30,881,134,893,2.9928345680236816,28.199822998046894,33.25688493462588
2555,2014,4,17,11,30,1008,142,921,2.971900463104248,30.283258056640648,19.959224076776792
2556,2014,4,17,12,30,1062,145,931,2.9825010299682617,31.616662597656273,10.272484147410095
2557,2014,4,17,13,30,1038,144,925,3.010696649551392,32.1276794433594,15.130188804471276
2558,2014,4,17,14,30,22,22,0,3.103760242462158,31.772912597656273,27.710122473378053
2559,2014,4,17,15,30,18,18,0,3.2371597290039062,30.607629394531273,41.464469237219994
2560,2014,4,17,16,30,13,13,0,3.308711528778076,28.646295166015648,55.47409343554616
2561,2014,4,17,17,30,7,7,0,3.2460076808929443,26.12972412109377,69.51229195265385
2562,2014,4,17,18,30,1,1,0,2.891347169876098,23.614984130859398,83.46303863826118
2563,2014,4,17,19,30,0,0,0,2.37397575378418,21.953210449218773,97.21799993723532
2564,2014,4,17,20,30,0,0,0,1.9512672424316408,20.904443359375023,110.6144247335746
2565,2014,4,17,21,30,0,0,0,1.724071383476257,19.665704345703148,123.36928754756443
2566,2014,4,17,22,30,0,0,0,1.709716558456421,18.342218017578148,134.91163323577834
2567,2014,4,17,23,30,0,0,0,1.81588613986969,17.021417236328148,144.03631433236842
2568,2014,4,18,0,30,0,0,0,2.0000464916229252,15.756372070312526,148.55130667574605
2569,2014,4,18,1,30,0,0,0,2.233147144317627,14.693933105468775,146.53160263733142
2570,2014,4,18,2,30,0,0,0,2.3802120685577397,13.88457641601565,138.93164449620878
2571,2014,4,18,3,30,0,0,0,2.4185686111450195,13.2504821777344,128.15475859074238
2572,2014,4,18,4,30,0,0,0,2.4616804122924805,12.734643554687526,115.78871056168798
2573,2014,4,18,5,30,0,0,0,2.4799962043762207,12.517175292968775,102.60211477450424
2574,2014,4,18,6,30,6,5,32,2.4057326316833496,14.130944824218775,88.9622878705691
2575,2014,4,18,7,30,204,70,521,2.2924177646636963,17.882989501953148,75.07478047493137
2576,2014,4,18,8,30,453,101,727,2.193724632263184,22.197229003906273,61.05378603505368
2577,2014,4,18,9,30,686,121,828,2.095233201980591,25.905084228515648,47.00501407202272
2578,2014,4,18,10,30,874,133,883,2.042932271957397,28.468804931640648,33.0799823661795
2579,2014,4,18,11,30,1000,141,912,2.096506357192993,30.18905029296877,19.730484570354374
2580,2014,4,18,12,30,1053,144,922,2.2441859245300293,30.965234375000023,9.922077820696273
2581,2014,4,18,13,30,1028,143,915,2.515655517578125,30.32650146484377,14.940369731769463
2582,2014,4,18,14,30,927,138,890,3.1850614547729488,28.313134765625023,27.61985367166201
2583,2014,4,18,15,30,760,128,842,4.204953670501709,25.347375488281273,41.40410780178986
2584,2014,4,18,16,30,542,112,757,5.157238006591797,21.708215332031273,55.421310178907525
2585,2014,4,18,17,30,298,86,604,5.7352867126464835,18.399682617187523,69.45650385414798
2586,2014,4,18,18,30,74,46,244,5.681382179260254,16.459283447265648,83.39694222705478
2587,2014,4,18,19,30,0,0,0,5.240180015563965,15.577539062500026,97.1345351353246
2588,2014,4,18,20,30,0,0,0,4.770071029663086,15.077416992187526,110.50496680721304
2589,2014,4,18,21,30,0,0,0,4.310105323791504,14.7305847167969,123.22172284535006
2590,2014,4,18,22,30,0,0,0,3.907181739807129,14.578454589843775,134.7087404149754
2591,2014,4,18,23,30,0,0,0,3.6277084350585938,14.561975097656275,143.7599083189311
2592,2014,4,19,0,30,0,0,0,3.4950749874114986,14.5473571777344,148.2102473351894
2593,2014,4,19,1,30,0,0,0,3.476654052734375,14.4309020996094,146.18741959037357
2594,2014,4,19,2,30,0,0,0,3.446725606918335,14.31267700195315,138.6317129147767
2595,2014,4,19,3,30,0,0,0,3.3200650215148926,14.23626098632815,127.90185278612782
2596,2014,4,19,4,30,0,0,0,3.1379206180572514,14.12932739257815,115.57200245667568
2597,2014,4,19,5,30,0,0,0,2.873828411102295,14.1829772949219,102.41142869552108
2598,2014,4,19,6,30,7,6,41,2.436588764190674,15.317956542968775,88.78998040146892
2599,2014,4,19,7,30,205,70,519,1.9953153133392332,17.854089355468773,74.91430860707842
2600,2014,4,19,8,30,454,101,725,1.688192367553711,20.535607910156273,60.89925529348841
2601,2014,4,19,9,30,687,121,827,1.3765230178833008,22.819299316406273,46.84876166536394
2602,2014,4,19,10,30,876,134,884,1.1450600624084473,25.100030517578148,32.908307223190924
2603,2014,4,19,11,30,1004,141,915,1.1545454263687134,27.028436279296894,19.508364491744565
2604,2014,4,19,12,30,1058,145,926,1.2852261066436768,28.080957031250023,9.575282634496645
2605,2014,4,19,13,30,1034,144,921,1.409662842750549,28.36898193359377,14.756990854473527
2606,2014,4,19,14,30,468,412,63,1.56473708152771,27.825341796875023,27.533012643877893
2607,2014,4,19,15,30,385,340,59,1.8438858985900881,26.27669677734377,41.34539525964821
2608,2014,4,19,16,30,275,245,53,2.420508623123169,23.930322265625023,55.36918230447628
2609,2014,4,19,17,30,152,139,35,3.1186680793762207,21.277001953125023,69.40073776892329
2610,2014,4,19,18,30,38,38,0,3.6110930442810063,18.700036621093773,83.33042593582917
2611,2014,4,19,19,30,0,0,0,3.840348243713379,16.697076416015648,97.05033412942137
2612,2014,4,19,20,30,0,0,0,3.8449995517730713,15.61992797851565,110.39457388577559
2613,2014,4,19,21,30,0,0,0,3.676479578018189,15.1289001464844,123.07320640632757
2614,2014,4,19,22,30,0,0,0,3.3039951324462886,14.8725524902344,134.5052800916938
2615,2014,4,19,23,30,0,0,0,2.807504415512085,14.636560058593775,143.48418459184913
2616,2014,4,20,0,30,0,0,0,2.388324737548828,14.33526000976565,147.8718681625549
2617,2014,4,20,1,30,0,0,0,2.1475906372070312,13.980126953125026,145.8466029083069
2618,2014,4,20,2,30,0,0,0,2.031714916229248,13.66887817382815,138.33462942728582
2619,2014,4,20,3,30,0,0,0,2.003369808197021,13.428979492187526,127.65144396220131
2620,2014,4,20,4,30,0,0,0,2.0684051513671875,13.1837097167969,115.35774508068857
2621,2014,4,20,5,30,0,0,0,2.158742427825928,13.156152343750026,102.22332219538605
2622,2014,4,20,6,30,2,2,0,2.1019201278686523,14.42559204101565,88.62047827369503
2623,2014,4,20,7,30,69,69,0,2.0422101020812993,17.130853271484398,74.75698715626766
2624,2014,4,20,8,30,419,146,558,2.0443434715271,20.106103515625023,60.74833401495403
2625,2014,4,20,9,30,637,217,612,1.7746737003326416,22.602227783203148,46.69677941192904
2626,2014,4,20,10,30,781,334,531,1.3557806015014648,24.510064697265648,32.741925526421
2627,2014,4,20,11,30,918,383,566,1.0967528820037842,25.783074951171894,19.293009644506427
2628,2014,4,20,12,30,945,442,509,1.0673741102218628,26.193353271484398,9.232240230557565
2629,2014,4,20,13,30,873,400,488,1.2389668226242063,25.67684326171877,14.580083866530106
2630,2014,4,20,14,30,551,440,124,1.4817156791687012,24.495843505859398,27.4495052586327
2631,2014,4,20,15,30,461,365,127,1.6759618520736694,23.232476806640648,41.288251293271365
2632,2014,4,20,16,30,294,253,72,1.8687667846679688,22.175714111328148,55.3176498661313
2633,2014,4,20,17,30,183,149,97,2.105681896209717,20.969812011718773,69.34495294343827
2634,2014,4,20,18,30,57,51,56,2.29843544960022,19.624719238281273,83.26346826464345
2635,2014,4,20,19,30,0,0,0,2.4057080745697017,18.634484863281273,96.965396723356
2636,2014,4,20,20,30,0,0,0,2.536060333251953,17.897058105468773,110.28327157290896
2637,2014,4,20,21,30,0,0,0,2.6698193550109863,17.296716308593773,122.923796981148
2638,2014,4,20,22,30,0,0,0,2.65385103225708,16.923669433593773,134.30135168817895
2639,2014,4,20,23,30,0,0,0,2.463871955871582,16.654534912109398,143.20927193775069
2640,2014,4,21,0,30,0,0,0,2.2071399688720703,16.338464355468773,147.5362781784429
2641,2014,4,21,1,30,0,0,0,2.052364587783813,15.92705688476565,145.50925799097462
2642,2014,4,21,2,30,0,0,0,1.9941754341125488,15.479760742187526,138.04051841799142
2643,2014,4,21,3,30,0,0,0,1.9277580976486208,15.084741210937526,127.40365425474992
2644,2014,4,21,4,30,0,0,0,1.8390840291976929,14.758020019531275,115.1460482917017
2645,2014,4,21,5,30,0,0,0,1.76069974899292,14.59026489257815,102.03789143641748
2646,2014,4,21,6,30,10,8,60,1.6132475137710571,15.682580566406275,88.45386577424465
2647,2014,4,21,7,30,211,71,526,1.603840708732605,18.566064453125023,74.60288759623224
2648,2014,4,21,8,30,458,101,727,1.7863203287124634,21.632379150390648,60.60108327424447
2649,2014,4,21,9,30,614,240,543,1.8701603412628172,23.711145019531273,46.54912118279604
2650,2014,4,21,10,30,876,133,881,1.9173126220703125,25.199456787109398,32.580896811987884
2651,2014,4,21,11,30,1001,141,910,1.963561534881592,26.329583740234398,19.08455788443223
2652,2014,4,21,12,30,1054,144,921,1.9378139972686768,26.941857910156273,8.893097235084555
2653,2014,4,21,13,30,847,390,471,1.9201252460479736,27.050958251953148,14.409668313461594
2654,2014,4,21,14,30,766,349,470,2.0064744949340816,26.601586914062523,27.36923382953321
2655,2014,4,21,15,30,630,306,429,2.196340084075928,25.422540283203148,41.23259525855955
2656,2014,4,21,16,30,469,222,434,2.5423316955566406,23.827416992187523,55.26665378127979
2657,2014,4,21,17,30,139,133,16,2.944323301315308,21.952935791015648,69.2891101400945
2658,2014,4,21,18,30,33,33,0,3.2639474868774414,19.684411621093773,83.19604968437055
2659,2014,4,21,19,30,0,0,0,3.444599151611328,17.883142089843773,96.87972503811423
2660,2014,4,21,20,30,0,0,0,3.456418514251709,16.830499267578148,110.171088002963
2661,2014,4,21,21,30,0,0,0,3.3586010932922363,16.180352783203148,122.77355575725241
2662,2014,4,21,22,30,0,0,0,3.1426796913146973,15.79375610351565,134.0970561903779
2663,2014,4,21,23,30,0,0,0,2.8293819427490234,15.41008911132815,142.93529878847912
2664,2014,4,22,0,30,0,0,0,2.507972240447998,14.9466491699219,147.20358556750182
2665,2014,4,22,1,30,0,0,0,2.2351305484771733,14.349206542968775,145.17548891373863
2666,2014,4,22,2,30,0,0,0,1.9917376041412356,13.719323730468775,137.74950188726243
2667,2014,4,22,3,30,0,0,0,1.7633881568908691,13.414697265625026,127.15860337547113
2668,2014,4,22,4,30,0,0,0,1.5921373367309568,13.3785339355469,114.93701956624183
2669,2014,4,22,5,30,0,0,0,1.5232939720153809,13.57598266601565,101.85523008780704
2670,2014,4,22,6,30,11,9,70,1.4839770793914795,15.0394226074219,88.29022435527078
2671,2014,4,22,7,30,215,71,534,1.3068923950195312,18.722436523437523,74.45207825574755
2672,2014,4,22,8,30,463,102,733,1.0834219455718994,23.005761718750023,60.457560397017296
2673,2014,4,22,9,30,695,121,832,0.879145622253418,25.577020263671894,46.40583609588065
2674,2014,4,22,10,30,882,133,886,0.7143200039863586,26.691857910156273,32.42527396304941
2675,2014,4,22,11,30,1006,141,914,0.7144821882247925,27.21346435546877,18.8831383745258
2676,2014,4,22,12,30,1059,144,924,0.8125722408294678,27.166436767578148,8.558006138284497
2677,2014,4,22,13,30,1034,143,919,0.8975567817687988,26.590234375000023,14.245751109558865
2678,2014,4,22,14,30,935,138,896,0.8681473731994629,25.598992919921894,27.292097379655143
2679,2014,4,22,15,30,690,261,568,0.7970978617668152,24.248925781250023,41.178346348744604
2680,2014,4,22,16,30,439,244,341,1.0955848693847656,22.750970458984398,55.216135938657615
2681,2014,4,22,17,30,125,124,2,1.8822500705718996,21.147821044921894,69.23317171106653
2682,2014,4,22,18,30,74,49,212,2.6777288913726807,19.468133544921894,83.12815268349313
2683,2014,4,22,19,30,0,0,0,3.076323270797729,18.158807373046894,96.79332353009475
2684,2014,4,22,20,30,0,0,0,3.1306724548339844,17.359460449218773,110.05805382396566
2685,2014,4,22,21,30,0,0,0,3.0160007476806636,16.788171386718773,122.62254629636287
2686,2014,4,22,22,30,0,0,0,2.8494873046875,16.297723388671898,133.8924960452793
2687,2014,4,22,23,30,0,0,0,2.67785382270813,15.885461425781275,142.66239315658078
2688,2014,4,23,0,30,0,0,0,2.4883644580841064,15.489160156250026,146.87389765731223
2689,2014,4,23,1,30,0,0,0,2.3325390815734863,15.11235961914065,144.84539841863506
2690,2014,4,23,2,30,0,0,0,2.1949205398559566,14.7772155761719,137.46169945324115
2691,2014,4,23,3,30,0,0,0,2.0728826522827153,14.38689575195315,126.91640857904595
2692,2014,4,23,4,30,0,0,0,2.0091049671173096,13.863977050781275,114.73076394809021
2693,2014,4,23,5,30,0,0,0,1.9688953161239624,13.38054809570315,101.67542926869591
2694,2014,4,23,6,30,13,10,80,1.8047547340393064,14.388696289062526,88.1296325811467
2695,2014,4,23,7,30,219,72,542,1.5298478603363037,17.461602783203148,74.30462426232009
2696,2014,4,23,8,30,469,102,740,1.5105433464050293,21.223748779296894,60.31781890235976
2697,2014,4,23,9,30,702,121,839,1.7745685577392578,24.867639160156273,46.26696844468968
2698,2014,4,23,10,30,889,134,893,2.063547134399414,27.997064208984398,32.27510305549078
2699,2014,4,23,11,30,1015,141,922,2.318820714950561,30.204766845703148,18.68887083296775
2700,2014,4,23,12,30,1068,145,933,2.5285091400146484,31.467187500000023,8.227126332117564
2701,2014,4,23,13,30,1043,144,927,2.7142021656036377,31.880364990234398,14.088326109204216
2702,2014,4,23,14,30,944,138,905,2.930771350860596,31.464471435546894,27.2179919128749
2703,2014,4,23,15,30,777,129,861,3.129899501800537,30.34505615234377,41.12542375709006
2704,2014,4,23,16,30,560,113,782,3.2052431106567383,28.595605468750023,55.166039304224356
2705,2014,4,23,17,30,314,87,636,3.0100245475769043,25.981195068359398,69.17710166988094
2706,2014,4,23,18,30,77,50,223,2.75330138206482,22.986627197265648,83.05976181176933
2707,2014,4,23,19,30,0,0,0,2.9402561187744136,20.840020751953148,96.70619900603316
2708,2014,4,23,20,30,0,0,0,3.488521099090576,19.346154785156273,109.94420217725798
2709,2014,4,23,21,30,0,0,0,3.973290681838989,17.882318115234398,122.4708344693356
2710,2014,4,23,22,30,0,0,0,4.226198196411134,16.600122070312526,133.68777505881565
2711,2014,4,23,23,30,0,0,0,4.263023376464844,15.72808227539065,142.39068257322873
2712,2014,4,24,0,30,0,0,0,4.1091270446777335,15.33880004882815,146.54732089647376
2713,2014,4,24,1,30,0,0,0,3.830939769744873,15.06011352539065,144.51908790372747
2714,2014,4,24,2,30,0,0,0,3.5642895698547363,14.63530883789065,137.17722835245056
2715,2014,4,24,3,30,0,0,0,3.3769917488098145,14.0762878417969,126.67718463144465
2716,2014,4,24,4,30,0,0,0,3.241692304611206,13.4550720214844,114.52738399874278
2717,2014,4,24,5,30,0,0,0,3.1324238777160645,13.183435058593775,101.49857749334043
2718,2014,4,24,6,30,14,11,92,2.908458709716797,14.771386718750026,87.97216607837431
2719,2014,4,24,7,30,225,73,556,2.831715583801269,18.427148437500023,74.16058748942147
2720,2014,4,24,8,30,478,103,754,3.119393348693848,22.461328125000023,60.18190845023445
2721,2014,4,24,9,30,713,122,852,3.276486873626709,25.935784912109398,46.13255763521103
2722,2014,4,24,10,30,901,134,905,3.18886947631836,28.60506591796877,32.1304232193521
2723,2014,4,24,11,30,1026,142,932,3.086071014404297,30.480584716796894,18.50186478186191
2724,2014,4,24,12,30,1003,380,629,2.9942140579223637,31.653100585937523,7.900625338053273
2725,2014,4,24,13,30,864,432,444,2.903505802154541,32.070581054687516,13.937373740799627
2726,2014,4,24,14,30,754,375,426,2.8356719017028813,31.702050781250023,27.146810690926262
2727,2014,4,24,15,30,562,365,261,2.75293493270874,30.57064208984377,41.07374683759264
2728,2014,4,24,16,30,321,265,98,2.6033754348754883,28.640618896484398,55.11630802439146
2729,2014,4,24,17,30,188,152,99,2.3888893127441406,25.990991210937523,69.12086576021976
2730,2014,4,24,18,30,48,48,0,2.126932144165039,23.602929687500023,82.99086372116824
2731,2014,4,24,19,30,0,0,0,1.9367916584014893,22.389947509765648,96.61836063476493
2732,2014,4,24,20,30,0,0,0,1.976088285446167,21.576745605468773,109.82956867382224
2733,2014,4,24,21,30,0,0,0,2.339461326599121,20.475885009765648,122.31848838893707
2734,2014,4,24,22,30,0,0,0,2.9346299171447754,19.263482666015648,133.48299829453586
2735,2014,4,24,23,30,0,0,0,3.4003076553344727,18.049218750000023,142.12029402843862
2736,2014,4,25,0,30,0,0,0,3.4932751655578613,16.918389892578148,146.22396083188028
2737,2014,4,25,1,30,0,0,0,3.2991929054260254,16.061700439453148,144.1966574106845
2738,2014,4,25,2,30,0,0,0,2.997286319732666,15.488000488281275,136.8962034391713
2739,2014,4,25,3,30,0,0,0,2.7133374214172363,15.003320312500026,126.441043779034
2740,2014,4,25,4,30,0,0,0,2.4804697036743164,14.564111328125026,114.32697974947963
2741,2014,4,25,5,30,0,0,0,2.3017396926879883,14.4327331542969,101.32476061823412
2742,2014,4,25,6,30,9,9,3,2.1030559539794917,15.765710449218775,87.81789748807411
2743,2014,4,25,7,30,129,109,73,2.1759767532348637,18.793206787109398,74.0200265070031
2744,2014,4,25,8,30,273,225,97,2.3510332107543945,21.990380859375023,60.04987479401775
2745,2014,4,25,9,30,596,252,495,2.185894012451172,24.341546630859398,46.002638131253406
2746,2014,4,25,10,30,754,337,490,1.961660981178284,25.83406982421877,31.991266516861323
2747,2014,4,25,11,30,779,411,388,1.8613405227661133,26.58553466796877,18.322218804733282
2748,2014,4,25,12,30,785,459,328,1.8443224430084229,26.737908935546894,7.578680263299218
2749,2014,4,25,13,30,861,394,480,1.8203434944152832,26.652886962890648,13.792860711630171
2750,2014,4,25,14,30,646,438,234,1.7700798511505127,26.195245361328148,27.07844451507959
2751,2014,4,25,15,30,473,369,138,1.7003194093704224,25.348901367187523,41.023235263853024
2752,2014,4,25,16,30,230,216,24,1.575256586074829,24.386956787109398,55.06688752702954
2753,2014,4,25,17,30,143,135,20,1.4592392444610596,22.971124267578148,69.06443152224432
2754,2014,4,25,18,30,66,52,117,1.564619064331055,21.129663085937523,82.9214472038289
2755,2014,4,25,19,30,0,0,0,1.906421899795532,19.775079345703148,96.5298199558144
2756,2014,4,25,20,30,0,0,0,2.2510240077972408,18.980401611328148,109.71419136749641
2757,2014,4,25,21,30,0,0,0,2.4816813468933105,18.289025878906273,122.16557834033077
2758,2014,4,25,22,30,0,0,0,2.6236743927001958,17.646356201171898,133.27827197332635
2759,2014,4,25,23,30,0,0,0,2.723442554473877,16.904504394531273,141.85135391353768
2760,2014,4,26,0,30,0,0,0,2.791708469390869,16.124627685546898,145.9039220852055
2761,2014,4,26,1,30,0,0,0,2.8238954544067383,15.41167602539065,143.8782056107201
2762,2014,4,26,2,30,0,0,0,2.8090262413024902,14.7739196777344,136.61873718369054
2763,2014,4,26,3,30,0,0,0,2.753631353378296,14.22307739257815,126.20809571858943
2764,2014,4,26,4,30,0,0,0,2.7076706886291504,13.7394958496094,114.12964865506748
2765,2014,4,26,5,30,0,0,0,2.694910049438477,13.600183105468775,101.1540617912512
2766,2014,4,26,6,30,17,13,105,2.58272123336792,15.293542480468775,87.6668964212155
2767,2014,4,26,7,30,224,73,544,2.618607997894287,19.155053710937523,73.88299653560301
2768,2014,4,26,8,30,470,102,735,2.8289062976837163,22.923211669921894,59.92175973823979
2769,2014,4,26,9,30,698,120,830,2.9078097343444824,25.52840576171877,45.87723940864271
2770,2014,4,26,10,30,882,132,882,2.967323303222656,27.328302001953148,31.85765783857521
2771,2014,4,26,11,30,1003,140,908,3.1191599369049072,28.296655273437523,18.15001982156967
2772,2014,4,26,12,30,1053,143,917,3.4000577926635738,28.41097412109377,7.261479532465074
2773,2014,4,26,13,30,379,349,30,3.7535185813903813,27.812005615234398,13.65473979121461
2774,2014,4,26,14,30,342,317,27,4.068926334381104,26.593530273437523,27.012782011196503
2775,2014,4,26,15,30,236,224,15,4.287057876586913,25.036401367187523,40.97380918559803
2776,2014,4,26,16,30,156,155,2,4.427388668060303,23.406060791015648,55.017724619886415
2777,2014,4,26,17,30,109,109,0,4.302716255187988,21.852319335937523,69.00776835610536
2778,2014,4,26,18,30,5,5,0,4.013377666473389,20.374719238281273,82.85150322710736
2779,2014,4,26,19,30,0,0,0,3.8761630058288574,19.078424072265648,96.4405908847619
2780,2014,4,26,20,30,0,0,0,3.844962358474731,18.041375732421894,109.59811072503952
2781,2014,4,26,21,30,0,0,0,3.84355354309082,17.114831542968773,122.01217670964586
2782,2014,4,26,22,30,0,0,0,3.841444253921509,16.319055175781273,133.07370337389392
2783,2014,4,26,23,30,0,0,0,3.810100078582764,15.5723815917969,141.58398796553075
2784,2014,4,27,0,30,0,0,0,3.7194516658782963,14.8341003417969,145.58730832871132
2785,2014,4,27,1,30,0,0,0,3.5806612968444824,14.079980468750026,143.5638297889884
2786,2014,4,27,2,30,0,0,0,3.4096484184265137,13.35808715820315,136.34493966942077
2787,2014,4,27,3,30,0,0,0,3.2004356384277344,12.753686523437526,125.97844756816116
2788,2014,4,27,4,30,0,0,0,2.9964995384216313,12.2519470214844,113.93548554901352
2789,2014,4,27,5,30,0,0,0,2.8706774711608887,12.097253417968775,100.9865614028549
2790,2014,4,27,6,30,19,14,116,2.7246298789978027,13.75603637695315,87.51922941653808
2791,2014,4,27,7,30,229,73,557,2.9349660873413086,17.604302978515648,73.74954940408782
2792,2014,4,27,8,30,479,103,747,3.5236966609954834,21.622674560546894,59.79760110179107
2793,2014,4,27,9,30,709,121,842,4.001777172088623,24.70028076171877,45.75638591848586
2794,2014,4,27,10,30,614,424,223,4.3547701835632315,27.024041748046894,31.72961481853476
2795,2014,4,27,11,30,1016,140,920,4.599048614501953,28.715264892578148,17.985342391110226
2796,2014,4,27,12,30,1066,143,929,4.718457221984863,29.822808837890648,6.949224951739595
2797,2014,4,27,13,30,580,483,98,4.686065673828125,30.315698242187523,13.522949680114195
2798,2014,4,27,14,30,939,137,899,4.557021141052246,30.09139404296877,26.949709917233182
2799,2014,4,27,15,30,537,369,222,4.390411376953125,29.139093017578148,40.92538938265058
2800,2014,4,27,16,30,316,263,91,4.2256689071655265,27.351464843750023,54.96876758630695
2801,2014,4,27,17,30,314,87,631,4.010411262512207,25.023919677734398,68.9508475828214
2802,2014,4,27,18,30,85,49,287,3.792680501937866,22.562799072265648,82.78102496561787
2803,2014,4,27,19,30,0,0,0,3.7894928455352783,20.789422607421894,96.35068971543328
2804,2014,4,27,20,30,0,0,0,3.9581875801086426,19.806542968750023,109.48136959316423
2805,2014,4,27,21,30,0,0,0,4.118237495422363,18.917718505859398,121.85835791062176
2806,2014,4,27,22,30,0,0,0,4.20965051651001,17.958489990234398,132.86940073445493
2807,2014,4,27,23,30,0,0,0,4.221508502960205,16.871667480468773,141.3183212133651
2808,2014,4,28,0,30,0,0,0,4.129054546356201,15.89824829101565,145.2742222602243
2809,2014,4,28,1,30,0,0,0,3.965373992919922,15.069726562500026,143.2536258275455
2810,2014,4,28,2,30,0,0,0,3.760791301727295,14.412683105468775,136.07491858885749
2811,2014,4,28,3,30,0,0,0,3.490528106689453,13.92937622070315,125.75220383868721
2812,2014,4,28,4,30,0,0,0,3.197822093963623,13.508691406250026,113.7445826005484
2813,2014,4,28,5,30,0,0,0,2.9089145660400386,13.424951171875026,100.82233703950115
2814,2014,4,28,6,30,19,14,108,2.5892279148101807,15.290185546875026,87.37495990124876
2815,2014,4,28,7,30,222,86,485,2.391805648803711,19.055047607421894,73.61973351120864
2816,2014,4,28,8,30,485,103,756,2.337143659591675,22.89144287109377,59.677432686743714
2817,2014,4,28,9,30,717,121,851,2.2363080978393555,26.253900146484398,45.64009705998161
2818,2014,4,28,10,30,904,134,904,2.0662698745727544,29.038049316406273,31.607147769561454
2819,2014,4,28,11,30,1029,141,932,1.8786762952804563,31.177606201171894,17.828248049895805
2820,2014,4,28,12,30,1081,144,942,1.7755796909332275,32.609643554687516,6.6421341749080804
2821,2014,4,28,13,30,1054,143,936,1.8368136882781985,33.279138183593766,13.397414969402337
2822,2014,4,28,14,30,953,138,913,1.9846595525741575,33.160546875000016,26.889113371852037
2823,2014,4,28,15,30,720,252,619,2.1228785514831543,32.242150878906266,40.877897416313594
2824,2014,4,28,16,30,541,146,687,2.275714635848999,30.513055419921894,54.91996627830883
2825,2014,4,28,17,30,319,87,643,2.374406337738037,27.874810791015648,68.8936425022126
2826,2014,4,28,18,30,58,53,37,2.255112648010254,25.041223144531273,82.71000783017128
2827,2014,4,28,19,30,0,0,0,1.871912240982056,23.388696289062523,96.26013511889879
2828,2014,4,28,20,30,0,0,0,1.439342021942139,22.465325927734398,109.36401316258177
2829,2014,4,28,21,30,0,0,0,1.4961700439453125,21.256066894531273,121.7041983095452
2830,2014,4,28,22,30,0,0,0,2.1000292301177983,19.861047363281273,132.66547315546106
2831,2014,4,28,23,30,0,0,0,2.7571849822998047,18.463372802734398,141.05447792586912
2832,2014,4,29,0,30,0,0,0,3.2310590744018555,17.115075683593773,144.96476557749966
2833,2014,4,29,1,30,0,0,0,3.4597315788269043,15.8474060058594,142.94768818696355
2834,2014,4,29,2,30,0,0,0,3.4130728244781494,14.88250122070315,135.80877923854285
2835,2014,4,29,3,30,0,0,0,3.187687397003174,14.2504821777344,125.52946640642915
2836,2014,4,29,4,30,0,0,0,2.9447240829467773,13.766320800781275,113.55702927308478
2837,2014,4,29,5,30,0,0,0,2.7403409481048584,13.71074829101565,100.661463439139
2838,2014,4,29,6,30,18,14,82,2.538379192352295,15.70073852539065,87.23414815457724
2839,2014,4,29,7,30,202,102,350,2.4754652976989746,19.714440917968773,73.49359379114202
2840,2014,4,29,8,30,396,206,375,2.601611852645874,23.817742919921894,59.56128425296557
2841,2014,4,29,9,30,668,213,649,2.6880972385406494,27.301538085937523,45.52838716294053
2842,2014,4,29,10,30,894,132,893,2.6444971561431885,30.137750244140648,31.490259639491164
2843,2014,4,29,11,30,1015,140,919,2.5135416984558105,32.2597595214844,17.678784698414677
2844,2014,4,29,12,30,1064,143,927,2.3921797275543213,33.516809082031266,6.340443655036977
2845,2014,4,29,13,30,1037,141,919,2.357109546661377,33.76653442382815,13.278046195636096
2846,2014,4,29,14,30,657,439,244,2.4219894409179688,32.92766723632815,26.830876203336796
2847,2014,4,29,15,30,559,360,262,2.5496013164520264,31.30843505859377,40.83125577753715
2848,2014,4,29,16,30,383,267,200,2.6658143997192383,29.26131591796877,54.87127220671432
2849,2014,4,29,17,30,171,149,62,2.695198535919189,26.902124023437523,68.83612844807519
2850,2014,4,29,18,30,42,42,0,2.773210048675537,24.665734863281273,82.6384494939353
2851,2014,4,29,19,30,0,0,0,3.021094799041748,23.049951171875023,96.16894813943793
2852,2014,4,29,20,30,0,0,0,3.2419357299804688,21.763513183593773,109.24608892926456
2853,2014,4,29,21,30,0,0,0,3.2693793773651123,20.255273437500023,121.54977614872548
2854,2014,4,29,22,30,0,0,0,3.1334338188171387,18.624353027343773,132.462030503655
2855,2014,4,29,23,30,0,0,0,2.879838466644287,17.269494628906273,140.7925815613707
2856,2014,4,30,0,30,0,0,0,2.498114109039306,16.348321533203148,144.65903895183982
2857,2014,4,30,1,30,0,0,0,2.0484418869018555,15.81865844726565,142.64610988663225
2858,2014,4,30,2,30,0,0,0,1.6292455196380615,15.528161621093775,135.5466245127989
2859,2014,4,30,3,30,0,0,0,1.3190776109695437,15.2803894042969,125.31033448594124
2860,2014,4,30,4,30,0,0,0,1.1374104022979736,15.008386230468775,113.37291228431587
2861,2014,4,30,5,30,0,0,0,1.085491418838501,14.9626403808594,100.504012448857
2862,2014,4,30,6,30,16,14,32,1.1035555601119995,15.803857421875026,87.09685127392099
2863,2014,4,30,7,30,162,116,159,1.1627557277679443,17.806909179687523,73.37117168281057
2864,2014,4,30,8,30,476,102,737,1.2037702798843384,20.056024169921894,59.44918149852264
2865,2014,4,30,9,30,551,308,345,1.1586922407150269,22.001428222656273,45.42126548013602
2866,2014,4,30,10,30,795,342,529,1.1251420974731443,24.001245117187523,31.37894598898561
2867,2014,4,30,11,30,810,373,458,1.149899959564209,26.003625488281273,17.536986043942193
2868,2014,4,30,12,30,951,454,500,1.1918628215789795,27.487115478515648,6.044412182483143
2869,2014,4,30,13,30,1031,141,914,1.192457675933838,28.229425048828148,13.164739993992868
2870,2014,4,30,14,30,933,136,892,1.1407344341278076,28.193475341796894,26.774881217702408
2871,2014,4,30,15,30,769,126,849,1.240854263305664,27.24178466796877,40.78538803233439
2872,2014,4,30,16,30,555,111,771,1.7414346933364868,25.523126220703148,54.822638628665985
2873,2014,4,30,17,30,253,139,313,2.547970771789551,22.993859863281273,68.77828284050173
2874,2014,4,30,18,30,34,34,0,3.2465212345123287,19.782739257812523,82.56634991530886
2875,2014,4,30,19,30,0,0,0,3.4745333194732666,16.842950439453148,96.07715218721142
2876,2014,4,30,20,30,0,0,0,3.3304553031921387,14.924829101562526,109.1276466527858
2877,2014,4,30,21,30,0,0,0,3.0235996246337886,14.09160766601565,121.39517146838705
2878,2014,4,30,22,30,0,0,0,2.5638587474823,13.8956237792969,132.25918331724586
2879,2014,4,30,23,30,0,0,0,2.0734577178955083,13.67791137695315,140.53275471868105
2880,2014,5,1,0,30,0,0,0,1.7649803161621094,13.334191894531275,144.35714200112298
2881,2014,5,1,1,30,0,0,0,1.7114992141723633,13.1690612792969,142.34898248392446
2882,2014,5,1,2,30,0,0,0,1.795440912246704,13.1446472167969,135.28855489658756
2883,2014,5,1,3,30,0,0,0,1.877148151397705,13.034997558593775,125.0949046039173
2884,2014,5,1,4,30,0,0,0,1.9170163869857788,12.771020507812526,113.19231556788695
2885,2014,5,1,5,30,0,0,0,1.8951025009155276,12.7574401855469,100.35005298480569
2886,2014,5,1,6,30,17,15,38,1.7095823287963867,14.6795593261719,86.9631231440477
2887,2014,5,1,7,30,166,118,163,1.4583263397216797,18.384515380859398,73.25250510353494
2888,2014,5,1,8,30,484,102,748,1.3887999057769775,22.163110351562523,59.341146046286134
2889,2014,5,1,9,30,711,120,839,1.42999267578125,25.780480957031273,45.3187361899106
2890,2014,5,1,10,30,892,132,889,1.4921228885650637,28.836206054687523,31.273194991679937
2891,2014,5,1,11,30,1012,139,915,1.6177721023559568,30.965447998046894,17.402871110387768
2892,2014,5,1,12,30,1061,142,923,1.8344933986663816,32.262475585937516,5.754325129125292
2893,2014,5,1,13,30,516,453,64,2.1696481704711914,32.747827148437516,13.057379351048011
2894,2014,5,1,14,30,535,440,106,2.5380282402038574,32.0589538574219,26.7210104851155
2895,2014,5,1,15,30,441,363,102,2.810543775558472,30.154290771484398,40.74021896358687
2896,2014,5,1,16,30,223,211,20,2.873293399810791,27.643701171875023,54.774020631964035
2897,2014,5,1,17,30,108,108,0,2.32803726196289,25.158074951171894,68.72008523522378
2898,2014,5,1,18,30,56,53,18,1.4117319583892822,22.994378662109398,82.4937113579024
2899,2014,5,1,19,30,0,0,0,0.9757319092750548,21.586206054687523,95.98477302802229
2900,2014,5,1,20,30,0,0,0,1.1882591247558594,20.785028076171894,109.00873831201693
2901,2014,5,1,21,30,0,0,0,1.7693520784378052,20.005273437500023,121.24046602723844
2902,2014,5,1,22,30,0,0,0,2.392731189727783,18.984765625000023,132.0570427124006
2903,2014,5,1,23,30,0,0,0,2.8681607246398926,17.441125488281273,140.2751190894993
2904,2014,5,2,0,30,0,0,0,3.155657768249512,15.779321289062526,144.05917326215516
2905,2014,5,2,1,30,0,0,0,3.2267339229583736,14.44475708007815,142.0563960522511
2906,2014,5,2,2,30,0,0,0,3.0927863121032715,13.497399902343775,135.0346684573133
2907,2014,5,2,3,30,0,0,0,2.8787732124328613,12.88091430664065,124.88327057358198
2908,2014,5,2,4,30,0,0,0,2.662734031677246,12.4542175292969,113.01532023676478
2909,2014,5,2,5,30,0,0,0,2.4277479648590092,12.460168457031275,100.19965099442959
2910,2014,5,2,6,30,26,17,154,2.130291223526001,14.241784667968775,86.83301440907542
2911,2014,5,2,7,30,241,74,572,1.8699697256088257,17.650903320312523,73.13762842674811
2912,2014,5,2,8,30,488,102,753,1.7687890529632568,21.205529785156273,59.23719543652011
2913,2014,5,2,9,30,715,120,844,1.8087218999862669,24.700128173828148,45.22079840896534
2914,2014,5,2,10,30,399,363,42,1.9804484844207764,27.782678222656273,31.17298745715529
2915,2014,5,2,11,30,452,410,44,2.243630886077881,29.980493164062523,17.276443824231194
2916,2014,5,2,12,30,474,429,44,2.543948173522949,31.28011474609377,5.470499538928138
2917,2014,5,2,13,30,1039,141,922,2.8421313762664795,31.627130126953148,12.955833956712597
2918,2014,5,2,14,30,411,375,40,3.0385618209838867,30.234918212890648,26.669145623578828
2919,2014,5,2,15,30,427,360,87,3.0905232429504395,28.045068359375023,40.69567470959793
2920,2014,5,2,16,30,150,149,2,2.971123695373535,26.005548095703148,54.7253752165214
2921,2014,5,2,17,30,210,155,150,2.2599830627441406,23.846826171875023,68.6615173699931
2922,2014,5,2,18,30,67,54,96,0.9457958936691284,21.271447753906273,82.42053840731323
2923,2014,5,2,19,30,0,0,0,0.6781843304634094,19.675378417968773,95.8918387697993
2924,2014,5,2,20,30,0,0,0,1.4771947860717771,18.788629150390648,108.88941805812073
2925,2014,5,2,21,30,0,0,0,1.94085431098938,17.132836914062526,121.08574322194843
2926,2014,5,2,22,30,0,0,0,2.0864245891571045,15.80108032226565,131.85572029106106
2927,2014,5,2,23,30,0,0,0,2.1511669158935547,14.705468750000026,140.01979541189897
2928,2014,5,3,0,30,0,0,0,2.2507474422454834,13.71196899414065,143.76523016242245
2929,2014,5,3,1,30,0,0,0,2.379974842071533,12.905725097656275,141.76843915811492
2930,2014,5,3,2,30,0,0,0,2.4990594387054443,12.30327758789065,134.78506083573583
2931,2014,5,3,3,30,0,0,0,2.6311841011047363,11.8358093261719,124.6755234698615
2932,2014,5,3,4,30,0,0,0,2.8088274002075195,11.390161132812526,112.84200454814864
2933,2014,5,3,5,30,0,0,0,2.9591126441955566,11.0043884277344,100.05286942104424
2934,2014,5,3,6,30,2,2,0,3.0330119132995605,11.4011169433594,86.70657244745063
2935,2014,5,3,7,30,20,20,0,2.9706790447235107,13.18108520507815,73.02657246411749
2936,2014,5,3,8,30,283,233,98,2.733776092529297,16.200372314453148,59.13734312588471
2937,2014,5,3,9,30,331,299,44,2.430314064025879,19.894586181640648,45.12744621557378
2938,2014,5,3,10,30,896,132,892,2.0317332744598393,23.713739013671894,31.07829687673255
2939,2014,5,3,11,30,1016,139,918,1.6775286197662354,26.549310302734398,17.157692685147268
2940,2014,5,3,12,30,1064,142,926,1.5144635438919067,27.702752685546894,5.1932902248033335
2941,2014,5,3,13,30,1037,141,919,1.4285385608673096,27.871972656250023,12.859960653434214
2942,2014,5,3,14,30,936,135,895,1.4302103519439695,27.093225097656273,26.619168079155045
2943,2014,5,3,15,30,772,126,851,1.599733591079712,25.41634521484377,40.651682898989655
2944,2014,5,3,16,30,450,241,361,2.025218963623047,23.290002441406273,54.67666137272372
2945,2014,5,3,17,30,275,128,403,2.6558496952056885,20.845849609375023,68.60256320797316
2946,2014,5,3,18,30,78,53,184,3.2263875007629395,18.297113037109398,82.3468379850049
2947,2014,5,3,19,30,0,0,0,3.554339408874512,16.183007812500026,95.79837984629481
2948,2014,5,3,20,30,0,0,0,3.5829551219940186,14.8780456542969,108.76974216517591
2949,2014,5,3,21,30,0,0,0,3.3349781036376958,14.270410156250026,120.93108800551605
2950,2014,5,3,22,30,0,0,0,2.925299644470215,14.125207519531275,131.6553280501785
2951,2014,5,3,23,30,0,0,0,2.4454684257507324,14.18438110351565,139.76690342514914
2952,2014,5,4,0,30,0,0,0,1.96924352645874,14.24187622070315,143.47540899133537
2953,2014,5,4,1,30,0,0,0,1.5917121171951294,14.1414733886719,141.48519883717864
2954,2014,5,4,2,30,0,0,0,1.3629350662231443,14.012963867187526,134.5398252359435
2955,2014,5,4,3,30,0,0,0,1.2600648403167725,13.847314453125026,124.47175160508269
2956,2014,5,4,4,30,0,0,0,1.2436721324920654,13.5827575683594,112.67244386998512
2957,2014,5,4,5,30,0,0,0,1.23657488822937,13.59771118164065,99.90976817056058
2958,2014,5,4,6,30,28,18,160,1.092593789100647,14.81719360351565,86.5838413497156
2959,2014,5,4,7,30,239,74,562,0.7430897951126099,17.789788818359398,72.91936445185817
2960,2014,5,4,8,30,483,102,741,0.6394385099411011,21.099572753906273,59.041598492544715
2961,2014,5,4,9,30,707,119,832,0.8242165446281433,23.747186279296894,45.038668683000004
2962,2014,5,4,10,30,887,131,882,0.9304466843605042,26.032281494140648,30.989089492386647
2963,2014,5,4,11,30,1007,138,908,1.0414528846740725,27.736322021484398,17.046590529043797
2964,2014,5,4,12,30,1055,141,917,1.252361297607422,28.371026611328148,4.923109384175973
2965,2014,5,4,13,30,1029,140,911,1.5563915967941284,28.162103271484398,12.769603979152027
2966,2014,5,4,14,30,931,135,889,1.8259406089782717,27.462609863281273,26.570959402134452
2967,2014,5,4,15,30,769,126,847,1.9514288902282717,26.162744140625023,40.608172781963056
2968,2014,5,4,16,30,557,111,771,2.009239912033081,24.39949951171877,54.627840156772024
2969,2014,5,4,17,30,318,87,632,2.198925495147705,22.388116455078148,68.5432089781794
2970,2014,5,4,18,30,82,53,214,2.5895233154296875,20.225061035156273,82.27261935901704
2971,2014,5,4,19,30,0,0,0,2.9176275730133057,18.473138427734398,95.70442899758041
2972,2014,5,4,20,30,0,0,0,3.0297346115112305,17.325708007812526,108.64976897808417
2973,2014,5,4,21,30,0,0,0,3.005511283874512,16.479455566406273,120.77658680456742
2974,2014,5,4,22,30,0,0,0,2.915666103363037,15.876489257812526,131.45597829220407
2975,2014,5,4,23,30,0,0,0,2.810535430908203,15.35564575195315,139.51656182538284
2976,2014,5,5,0,30,0,0,0,2.654828786849976,14.8372741699219,143.18980487085466
2977,2014,5,5,1,30,0,0,0,2.464350461959839,14.33184204101565,141.2067605695459
2978,2014,5,5,2,30,0,0,0,2.361647605895996,13.944604492187526,134.2990524146106
2979,2014,5,5,3,30,0,0,0,2.353994369506836,13.7020202636719,124.27204050549726
2980,2014,5,5,4,30,0,0,0,2.3513193130493164,13.507592773437526,112.50671064929988
2981,2014,5,5,5,30,0,0,0,2.3387985229492188,13.665917968750026,99.7704040809729
2982,2014,5,5,6,30,29,19,167,2.2139272689819336,15.68499145507815,86.4648618995512
2983,2014,5,5,7,30,241,74,565,1.887218117713928,19.420648193359398,72.81602804159463
2984,2014,5,5,8,30,484,102,741,1.479896068572998,23.06868896484377,58.94996684776171
2985,2014,5,5,9,30,707,119,831,1.26347017288208,26.134240722656273,44.954449923580015
2986,2014,5,5,10,30,886,131,880,1.3802061080932615,28.387597656250023,30.905324388837233
2987,2014,5,5,11,30,1005,138,906,1.6668367385864258,29.72103271484377,16.943094390106086
2988,2014,5,5,12,30,896,431,465,1.9231815338134768,30.353906250000023,4.660385225021997
2989,2014,5,5,13,30,1028,139,910,2.0675704479217534,30.404168701171894,12.684596798339115
2990,2014,5,5,14,30,931,135,889,2.137176513671875,30.061303710937523,26.52440151803609
2991,2014,5,5,15,30,721,226,651,2.1042096614837646,29.449456787109398,40.565075357639536
2992,2014,5,5,16,30,296,256,68,1.8915841579437256,28.409478759765648,54.578874762738884
2993,2014,5,5,17,30,157,144,35,1.6058039665222168,26.49471435546877,68.48344321277582
2994,2014,5,5,18,30,46,46,0,1.447704195976257,24.349084472656273,82.19789415157692
2995,2014,5,5,19,30,0,0,0,1.5590369701385498,23.196801757812523,95.61002124769144
2996,2014,5,5,20,30,0,0,0,2.0355372428894043,22.247491455078148,108.52955885833784
2997,2014,5,5,21,30,0,0,0,2.64819884300232,20.937829589843773,120.62232743605713
2998,2014,5,5,22,30,0,0,0,3.034596443176269,19.621545410156273,131.25778353702358
2999,2014,5,5,23,30,0,0,0,3.2811319828033447,18.094171142578148,139.26888822229444
3000,2014,5,6,0,30,0,0,0,3.517767429351806,16.647821044921898,142.90851172566474
3001,2014,5,6,1,30,0,0,0,3.6479921340942383,15.722619628906275,140.93320825420017
3002,2014,5,6,2,30,0,0,0,3.667238712310791,15.3375183105469,134.06283066936928
3003,2014,5,6,3,30,0,0,0,3.5826549530029297,15.188928222656275,124.07647288836495
3004,2014,5,6,4,30,0,0,0,3.374276161193848,14.999291992187526,112.34487438205927
3005,2014,5,6,5,30,0,0,0,3.0737738609313965,14.9571472167969,99.63483089403412
3006,2014,5,6,6,30,15,15,0,2.694668292999268,15.970422363281275,86.34967155761112
3007,2014,5,6,7,30,117,108,29,2.412428379058838,18.397760009765648,72.71658329569637
3008,2014,5,6,8,30,423,181,466,2.231605529785156,21.364648437500023,58.86244945387183
3009,2014,5,6,9,30,641,249,553,2.097198486328125,24.534326171875023,44.87476914289496
3010,2014,5,6,10,30,833,300,621,2.064696788787842,27.89510498046877,30.82695360819991
3011,2014,5,6,11,30,656,481,183,2.051288604736328,30.485162353515648,16.847145466626653
3012,2014,5,6,12,30,783,465,319,2.0455901622772217,31.802880859375023,4.40564814792954
3013,2014,5,6,13,30,763,457,313,2.1006226539611816,32.345361328125016,12.604761014794716
3014,2014,5,6,14,30,933,134,892,2.2170562744140625,32.10869750976565,26.47937699322205
3015,2014,5,6,15,30,770,125,848,2.4095592498779297,30.749810791015648,40.52232349773212
3016,2014,5,6,16,30,281,249,55,2.7631306648254395,28.435174560546894,54.529730591582464
3017,2014,5,6,17,30,105,105,0,3.18220329284668,25.367791748046894,68.42325678134038
3018,2014,5,6,18,30,49,49,0,3.501306295394897,22.250787353515648,82.12267634363245
3019,2014,5,6,19,30,0,0,0,3.705511331558228,20.002282714843773,95.51519387928215
3020,2014,5,6,20,30,0,0,0,3.835999011993408,18.601770019531273,108.40917412737738
3021,2014,5,6,21,30,0,0,0,3.855676651000977,17.635980224609398,120.46839902290584
3022,2014,5,6,22,30,0,0,0,3.7225341796875,16.867883300781273,131.06085643523082
3023,2014,5,6,23,30,0,0,0,3.5294618606567383,16.251641845703148,139.02399909658106
3024,2014,5,7,0,30,0,0,0,3.3390281200408936,15.718103027343775,142.6316222528587
3025,2014,5,7,1,30,0,0,0,3.1233501434326167,15.222131347656275,140.66462418279082
3026,2014,5,7,2,30,0,0,0,2.9031445980072017,14.84685668945315,133.83124582662822
3027,2014,5,7,3,30,0,0,0,2.702871561050415,14.62407836914065,123.88512863985987
3028,2014,5,7,4,30,0,0,0,2.5116043090820312,14.4616638183594,112.18700158486
3029,2014,5,7,5,30,0,0,0,2.338395118713379,14.502832031250026,99.50309922956122
3030,2014,5,7,6,30,5,5,0,2.252563714981079,15.683251953125026,86.23830444871967
3031,2014,5,7,7,30,44,44,0,2.3928208351135254,17.906579589843773,72.6210466871832
3032,2014,5,7,8,30,217,200,32,2.5916528701782227,19.837121582031273,58.77904354866071
3033,2014,5,7,9,30,377,323,76,2.55232572555542,21.288507080078148,44.799600704368544
3034,2014,5,7,10,30,315,292,26,2.368722915649414,22.524530029296894,30.753922287262235
3035,2014,5,7,11,30,176,159,17,2.3091535568237305,23.303582763671894,16.758669194475345
3036,2014,5,7,12,30,216,193,22,2.4907922744750977,23.314691162109398,4.159491125459766
3037,2014,5,7,13,30,430,390,40,2.812164783477783,22.239862060546894,12.529908357805382
3038,2014,5,7,14,30,569,438,146,2.984808921813965,20.901300048828148,26.43576929431641
3039,2014,5,7,15,30,552,353,262,2.8580472469329834,20.089990234375023,40.479852065968586
3040,2014,5,7,16,30,417,254,281,2.5991156101226807,19.332696533203148,54.480375316783345
3041,2014,5,7,17,30,86,86,0,2.270151138305664,18.503594970703148,68.36264292203003
3042,2014,5,7,18,30,6,6,0,1.9923311471939087,17.641290283203148,82.04698227644401
3043,2014,5,7,19,30,0,0,0,1.84305477142334,16.932214355468773,95.4199864055078
3044,2014,5,7,20,30,0,0,0,1.6878929138183594,16.504846191406273,108.28867900779215
3045,2014,5,7,21,30,0,0,0,1.5199024677276611,16.214776611328148,120.31489190929909
3046,2014,5,7,22,30,0,0,0,1.4231936931610107,15.94902954101565,130.86530968285558
3047,2014,5,7,23,30,0,0,0,1.4451436996459959,15.621728515625026,138.78200975831436
3048,2014,5,8,0,30,0,0,0,1.5351414680480957,15.248803710937526,142.35922789117149
3049,2014,5,8,1,30,0,0,0,1.6803815364837646,14.881311035156275,140.40108901274237
3050,2014,5,8,2,30,0,0,0,1.889447927474976,14.5823913574219,133.60438122863948
3051,2014,5,8,3,30,0,0,0,2.171410322189331,14.35820922851565,123.6980847935693
3052,2014,5,8,4,30,0,0,0,2.434088706970215,14.1728454589844,112.03315576822465
3053,2014,5,8,5,30,0,0,0,2.560565233230591,14.153894042968775,99.37525656225843
3054,2014,5,8,6,30,1,1,0,2.610321044921875,15.2779479980469,86.13079135196645
3055,2014,5,8,7,30,13,13,0,2.8823907375335693,17.585260009765648,72.52943110407531
3056,2014,5,8,8,30,29,29,0,3.314446926116944,19.683496093750023,58.69974237608994
3057,2014,5,8,9,30,72,72,0,3.620610475540161,21.443750000000023,44.7289142037646
3058,2014,5,8,10,30,179,165,16,3.86801815032959,23.158990478515648,30.686168816387013
3059,2014,5,8,11,30,375,345,31,4.073072433471681,24.396142578125023,16.677575429583
3060,2014,5,8,12,30,558,475,83,4.222532272338866,25.174462890625023,3.9225960067624466
3061,2014,5,8,13,30,546,465,83,4.317899227142334,25.50521240234377,12.459841232861349
3062,2014,5,8,14,30,379,348,33,4.2958030700683585,25.251336669921894,26.393463040978013
3063,2014,5,8,15,30,323,298,32,4.137523651123047,24.445794677734398,40.437598033734545
3064,2014,5,8,16,30,354,270,144,3.9534292221069336,23.013482666015648,54.430778946908816
3065,2014,5,8,17,30,230,153,207,3.7132358551025386,21.152368164062523,68.30159726970355
3066,2014,5,8,18,30,61,56,34,3.4543652534484863,19.312005615234398,81.9708306500197
3067,2014,5,8,19,30,0,0,0,3.2983820438385014,17.911950683593773,95.32444053901709
3068,2014,5,8,20,30,0,0,0,3.2387137413024902,16.906701660156273,108.16813956249369
3069,2014,5,8,21,30,0,0,0,3.24402117729187,16.214044189453148,120.1618975752869
3070,2014,5,8,22,30,0,0,0,3.2334136962890625,15.7670837402344,130.67125593743168
3071,2014,5,8,23,30,0,0,0,3.17544937133789,15.38530883789065,138.54303430586617
3072,2014,5,9,0,30,0,0,0,3.072982788085937,15.06255493164065,142.09141878983132
3073,2014,5,9,1,30,0,0,0,2.939885377883911,14.869653320312526,140.1426817398259
3074,2014,5,9,2,30,0,0,0,2.783135414123535,14.846215820312526,133.38231772006347
3075,2014,5,9,3,30,0,0,0,2.6390087604522705,14.826135253906275,123.51541550983559
3076,2014,5,9,4,30,0,0,0,2.5109126567840576,14.71880493164065,111.88339741182405
3077,2014,5,9,5,30,0,0,0,2.3672096729278564,14.684960937500026,99.2513472010866
3078,2014,5,9,6,30,35,21,190,2.2963788509368896,15.45110473632815,86.02715969411145
3079,2014,5,9,7,30,249,75,576,2.2575106620788574,17.673608398437523,72.44174585843821
3080,2014,5,9,8,30,492,102,750,2.0562052726745605,20.471246337890648,58.62453522335477
3081,2014,5,9,9,30,716,119,839,1.7269625663757324,23.22054443359377,44.662674553739855
3082,2014,5,9,10,30,894,130,887,1.460670828819275,26.015924072265648,30.62362501955953
3083,2014,5,9,11,30,1012,137,913,1.3374042510986328,28.338281250000023,16.603758739701885
3084,2014,5,9,12,30,1060,140,922,1.3218104839324951,29.868157958984398,3.695747976697831
3085,2014,5,9,13,30,1033,139,915,1.3796895742416382,30.44979248046877,12.394353626626296
3086,2014,5,9,14,30,934,134,893,1.4651021957397459,30.046166992187523,26.352344251784782
3087,2014,5,9,15,30,771,124,849,1.5718011856079102,28.84310302734377,40.39550059152485
3088,2014,5,9,16,30,560,110,773,1.6439368724822998,27.156701660156273,54.380913884716435
3089,2014,5,9,17,30,323,86,637,1.5124855041503906,25.232629394531273,68.24011788082656
3090,2014,5,9,18,30,97,52,319,1.188501477241516,23.326867675781273,81.89424251845672
3091,2014,5,9,19,30,0,0,0,0.971439003944397,22.347375488281273,95.22860015815986
3092,2014,5,9,20,30,0,0,0,1.0839989185333252,21.680291748046894,108.047623631765
3093,2014,5,9,21,30,0,0,0,1.3978127241134644,20.705621337890648,120.00950855096356
3094,2014,5,9,22,30,0,0,0,1.6608227491378784,19.688745117187523,130.47880773539902
3095,2014,5,9,23,30,0,0,0,1.7460795640945437,18.565454101562523,138.30718558549538
3096,2014,5,10,0,30,0,0,0,1.6135278940200806,17.641473388671898,141.82828377703188
3097,2014,5,10,1,30,0,0,0,1.264787673950195,16.904962158203148,139.88947967026854
3098,2014,5,10,2,30,0,0,0,0.8127237558364868,16.319146728515648,133.16513363408149
3099,2014,5,10,3,30,0,0,0,0.3833287358283997,15.838342285156275,123.33719205588034
3100,2014,5,10,4,30,0,0,0,0.26080521941185003,15.295678710937526,111.73778394141041
3101,2014,5,10,5,30,0,0,0,0.4686785340309143,14.930566406250026,99.13141227143144
3102,2014,5,10,6,30,36,22,193,0.7387045621871948,16.347467041015648,85.9274335463283
3103,2014,5,10,7,30,249,75,575,1.084162354469299,19.391870117187523,72.3579967000902
3104,2014,5,10,8,30,492,101,748,1.497750163078308,22.325921630859398,58.553407464392826
3105,2014,5,10,9,30,714,119,836,1.8296294212341309,25.02352294921877,44.600842077940825
3106,2014,5,10,10,30,891,130,884,1.939948320388794,27.711206054687523,30.566216354635447
3107,2014,5,10,11,30,1008,136,909,1.8087854385375977,29.691156005859398,16.537098803591608
3108,2014,5,10,12,30,1054,139,916,1.5245530605316162,30.438104248046894,3.479850314986308
3109,2014,5,10,13,30,1027,138,909,1.183624505996704,30.06600341796877,12.333232055726809
3110,2014,5,10,14,30,928,133,886,0.842894971370697,29.100732421875023,26.31230058254211
3111,2014,5,10,15,30,766,124,842,0.5906099677085876,27.828790283203148,40.35350125622462
3112,2014,5,10,16,30,556,109,766,0.6846187114715576,26.054193115234398,54.330754983025436
3113,2014,5,10,17,30,320,86,629,1.1741408109664917,24.307916259765648,68.17820525524465
3114,2014,5,10,18,30,96,52,312,1.7165825366973877,22.67342529296877,81.81724128226057
3115,2014,5,10,19,30,0,0,0,2.0789229869842534,21.167230224609398,95.13251127041916
3116,2014,5,10,20,30,0,0,0,2.3371877670288086,19.934045410156273,107.9272007684242
3117,2014,5,10,21,30,0,0,0,2.576366424560547,18.919732666015648,119.85781833034642
3118,2014,5,10,22,30,0,0,0,2.763206958770752,18.133752441406273,130.2880774109392
3119,2014,5,10,23,30,0,0,0,2.9235718250274663,17.365930175781273,138.07457515157606
3120,2014,5,11,0,30,0,0,0,3.0874264240264893,16.545312500000026,141.56991032807062
3121,2014,5,11,1,30,0,0,0,3.2163100242614746,15.67901000976565,139.64155839243193
3122,2014,5,11,2,30,0,0,0,3.2113494873046875,15.1275573730469,132.95290477804292
3123,2014,5,11,3,30,0,0,0,3.097916603088379,15.0290466308594,123.16348278670944
3124,2014,5,11,4,30,0,0,0,2.9087421894073486,15.08611450195315,111.59636970763121
3125,2014,5,11,5,30,0,0,0,2.658407688140869,15.204187011718775,99.01548969978008
3126,2014,5,11,6,30,37,23,201,2.399813175201416,15.94817504882815,85.8316336240641
3127,2014,5,11,7,30,252,75,580,2.1836800575256348,17.893487548828148,72.27818583491248
3128,2014,5,11,8,30,494,102,750,2.1293749809265137,20.930993652343773,58.486340609529044
3129,2014,5,11,9,30,715,118,837,2.100600004196167,24.424432373046894,44.543372614549696
3130,2014,5,11,10,30,892,130,885,2.054403066635132,27.703271484375023,30.51386213269879
3131,2014,5,11,11,30,1009,136,910,2.154160737991333,30.059777832031273,16.477460913699176
3132,2014,5,11,12,30,1057,139,919,2.367430686950684,31.025170898437523,3.2759377484748167
3133,2014,5,11,13,30,1031,138,913,2.576831340789795,31.031457519531273,12.276256548398026
3134,2014,5,11,14,30,589,447,157,2.6760144233703613,30.502679443359398,26.273221556981312
3135,2014,5,11,15,30,772,124,849,2.622964143753052,29.448114013671894,40.31154397429667
3136,2014,5,11,16,30,561,109,774,2.4554872512817383,27.710107421875023,54.28027959724877
3137,2014,5,11,17,30,324,86,637,2.316702365875244,25.52010498046877,68.11586235483101
3138,2014,5,11,18,30,99,52,321,2.359797477722168,23.393060302734398,81.73985267779109
3139,2014,5,11,19,30,0,0,0,2.468783378601074,21.651208496093773,95.03622197335501
3140,2014,5,11,20,30,0,0,0,2.4950594902038574,20.131524658203148,107.80694217122783
3141,2014,5,11,21,30,0,0,0,2.488953113555908,18.761010742187523,119.70692128492979
3142,2014,5,11,22,30,0,0,0,2.456770896911621,17.800714111328148,130.09917701613836
3143,2014,5,11,23,30,0,0,0,2.375072479248047,17.141870117187526,137.8453132272797
3144,2014,5,12,0,30,0,0,0,2.286473274230957,16.612603759765648,141.31638453323896
3145,2014,5,12,1,30,0,0,0,2.241870403289795,16.081750488281273,139.39899174813274
3146,2014,5,12,2,30,0,0,0,2.222689390182495,15.6213317871094,132.74570441877063
3147,2014,5,12,3,30,0,0,0,2.138832330703736,15.360009765625026,122.99435312685159
3148,2014,5,12,4,30,0,0,0,1.9751884937286377,15.155480957031275,111.45920596663916
3149,2014,5,12,5,30,0,0,0,1.8083750009536743,15.10161743164065,98.90361420114445
3150,2014,5,12,6,30,38,23,205,1.7588613033294678,15.9376159667969,85.73977729022603
3151,2014,5,12,7,30,253,75,581,1.7880979776382446,17.937066650390648,72.20231194763899
3152,2014,5,12,8,30,494,101,749,1.6942605972290041,20.288354492187523,58.423312361220034
3153,2014,5,12,9,30,715,118,836,1.4883143901824951,22.450280761718773,44.490217628747246
3154,2014,5,12,10,30,892,129,884,1.3694005012512207,24.348535156250023,30.46647575538085
3155,2014,5,12,11,30,1009,136,910,1.4448354244232178,25.780297851562523,16.424696577277327
3156,2014,5,12,12,30,1056,139,918,1.6586207151412964,26.631341552734398,3.085185428773244
3157,2014,5,12,13,30,1030,138,913,1.898659467697144,26.860162353515648,12.223201648174012
3158,2014,5,12,14,30,562,445,130,2.0701303482055664,26.613000488281273,26.23499878970049
3159,2014,5,12,15,30,465,370,124,2.1205849647521973,26.080499267578148,40.26957522083786
3160,2014,5,12,16,30,486,212,469,2.051940679550171,25.353051757812523,54.229467634540775
3161,2014,5,12,17,30,326,86,641,1.9004812240600584,24.366723632812523,68.05309461902402
3162,2014,5,12,18,30,101,53,329,1.759589910507202,23.158654785156273,81.66210476351176
3163,2014,5,12,19,30,0,0,0,1.785452127456665,22.214776611328148,94.93978241272673
3164,2014,5,12,20,30,0,0,0,2.1494429111480717,21.275781250000023,107.68692061647256
3165,2014,5,12,21,30,0,0,0,2.7501683235168457,19.954095458984398,119.5569125770644
3166,2014,5,12,22,30,0,0,0,3.215272665023804,18.471337890625023,129.91221824244423
3167,2014,5,12,23,30,0,0,0,3.401433229446411,17.075952148437526,137.6195086657645
3168,2014,5,13,0,30,0,0,0,3.4396395683288574,16.071771240234398,141.06779106541754
3169,2014,5,13,1,30,0,0,0,3.4120159149169917,15.52520141601565,139.1618518037342
3170,2014,5,13,2,30,0,0,0,3.1777667999267583,15.32317504882815,132.5436032676386
3171,2014,5,13,3,30,0,0,0,2.7501020431518555,15.211999511718775,122.82986555300499
3172,2014,5,13,4,30,0,0,0,2.360985279083252,15.11834106445315,111.32634086270494
3173,2014,5,13,5,30,0,0,0,2.1114134788513184,15.213342285156275,98.79581726933249
3174,2014,5,13,6,30,40,24,216,2.031178951263428,16.103875732421898,85.65187856183913
3175,2014,5,13,7,30,116,109,21,2.0584115982055664,18.060723876953148,72.13037022943065
3176,2014,5,13,8,30,502,102,762,2.0957517623901367,20.895440673828148,58.36429667588405
3177,2014,5,13,9,30,724,119,847,2.0326414108276367,24.030755615234398,44.441324333914174
3178,2014,5,13,10,30,900,130,893,1.9091103076934812,26.844873046875023,30.423964968961506
3179,2014,5,13,11,30,1016,136,917,1.9274561405181885,28.908105468750023,16.378644208814805
3180,2014,5,13,12,30,1063,139,925,2.075197696685791,29.936761474609398,2.9089088353153163
3181,2014,5,13,13,30,1036,138,918,2.214947462081909,30.033319091796894,12.173837428432279
3182,2014,5,13,14,30,937,133,895,2.3987932205200195,29.321282958984398,26.19752620078948
3183,2014,5,13,15,30,775,124,852,2.6131305694580083,28.083154296875023,40.227544094340466
3184,2014,5,13,16,30,565,109,778,2.601205587387085,26.878656005859398,54.17830159963767
3185,2014,5,13,17,30,328,87,643,2.229788064956665,25.638970947265648,67.98990997709485
3186,2014,5,13,18,30,102,40,425,1.9587713479995728,24.139184570312523,81.58402790327011
3187,2014,5,13,19,30,0,0,0,2.172614574432373,22.591210937500023,94.84324473811495
3188,2014,5,13,20,30,0,0,0,2.7540860176086426,20.663049316406273,107.56721038793444
3189,2014,5,13,21,30,0,0,0,3.4631633758544917,18.560052490234398,119.40788807324209
3190,2014,5,13,22,30,0,0,0,4.036815643310547,17.012933349609398,129.72731234348237
3191,2014,5,13,23,30,0,0,0,4.373676776885986,16.152642822265648,137.3972689117625
3192,2014,5,14,0,30,0,0,0,4.439803123474121,15.64849243164065,140.8242131474963
3193,2014,5,14,1,30,0,0,0,4.3352460861206055,15.29204711914065,138.93020882103283
3194,2014,5,14,2,30,0,0,0,4.181133270263672,14.968835449218775,132.34666946545673
3195,2014,5,14,3,30,0,0,0,4.053270339965819,14.62761840820315,122.67007957767495
3196,2014,5,14,4,30,0,0,0,3.998020648956299,14.259667968750026,111.19781941275049
3197,2014,5,14,5,30,0,0,0,3.97496485710144,13.98528442382815,98.69212716990593
3198,2014,5,14,6,30,41,24,214,4.090808391571045,14.55242309570315,85.56794812000834
3199,2014,5,14,7,30,257,76,587,4.37998104095459,16.259667968750026,72.06235240996091
3200,2014,5,14,8,30,499,102,756,4.6058006286621085,18.450219726562523,58.3092638316537
3201,2014,5,14,9,30,487,347,195,4.686826705932617,20.423425292968773,44.39663582112826
3202,2014,5,14,10,30,900,129,892,4.675657272338867,21.710351562500023,30.386232133744716
3203,2014,5,14,11,30,1018,136,918,4.564533233642578,22.263818359375023,16.339129905413554
3204,2014,5,14,12,30,1066,139,927,4.3457908630371085,22.353540039062523,2.7485478524531715
3205,2014,5,14,13,30,1040,138,922,4.069201469421387,22.170220947265648,12.12793050773682
3206,2014,5,14,14,30,943,133,902,3.8716132640838623,21.611993408203148,26.160700222406987
3207,2014,5,14,15,30,782,124,861,3.821822166442871,20.613275146484398,40.1854024072842
3208,2014,5,14,16,30,572,110,788,3.8918356895446777,19.425073242187523,54.12676663714668
3209,2014,5,14,17,30,334,87,655,4.046213626861571,18.111077880859398,67.9263188572591
3210,2014,5,14,18,30,106,40,441,4.143620491027832,16.424676513671898,81.5056547467705
3211,2014,5,14,19,30,0,0,0,4.223226547241212,14.688623046875026,94.74666305608679
3212,2014,5,14,20,30,0,0,0,4.3441147804260245,13.272363281250026,107.44788720527052
3213,2014,5,14,21,30,0,0,0,4.3737640380859375,12.27068481445315,119.25994425733948
3214,2014,5,14,22,30,0,0,0,4.348407745361328,11.69243774414065,129.54457005914708
3215,2014,5,14,23,30,0,0,0,4.356069564819337,11.27678833007815,137.17869996363848
3216,2014,5,15,0,30,0,0,0,4.417433738708496,10.850976562500025,140.5857325196497
3217,2014,5,15,1,30,0,0,0,4.521063327789307,10.369348144531275,138.70413122800048
3218,2014,5,15,2,30,0,0,0,4.582152366638184,9.91314086914065,132.15496856721822
3219,2014,5,15,3,30,0,0,0,4.596968650817871,9.54998168945315,122.51505173367443
3220,2014,5,15,4,30,0,0,0,4.614785194396973,9.221948242187525,111.07368349280435
3221,2014,5,15,5,30,0,0,0,4.625382423400879,9.1024108886719,98.59256893600744
3222,2014,5,15,6,30,19,19,0,4.746051788330078,10.044091796875025,85.48799332325703
3223,2014,5,15,7,30,119,111,25,4.8877129554748535,12.3006530761719,71.99824679397456
3224,2014,5,15,8,30,208,195,25,4.806044578552246,14.962976074218775,58.25818050176979
3225,2014,5,15,9,30,308,285,33,4.623675346374512,17.386590576171898,44.35609119638853
3226,2014,5,15,10,30,580,436,167,4.487532615661621,19.463311767578148,30.353174507256945
3227,2014,5,15,11,30,1028,137,928,4.3525261878967285,21.131402587890648,16.305968295560188
3228,2014,5,15,12,30,1077,140,938,4.216202735900879,22.318292236328148,2.6056264766083643
3229,2014,5,15,13,30,1052,139,934,4.120837211608887,22.956109619140648,12.085245056227127
3230,2014,5,15,14,30,955,134,914,4.131165504455566,22.960626220703148,26.12441999709847
3231,2014,5,15,15,30,793,125,874,4.241228103637694,22.246667480468773,40.143104772549634
3232,2014,5,15,16,30,581,111,802,4.37462329864502,20.720422363281273,54.07485057060569
3233,2014,5,15,17,30,341,88,671,4.474166870117188,18.489678955078148,67.8623341926743
3234,2014,5,15,18,30,105,44,405,4.348278045654297,15.988488769531275,81.4270202068917
3235,2014,5,15,19,30,0,0,0,4.159128189086913,14.064355468750026,94.65009338084947
3236,2014,5,15,20,30,0,0,0,4.067465305328368,12.82952270507815,107.32902815090686
3237,2014,5,15,21,30,0,0,0,3.971461057662964,11.8524108886719,119.1131781438688
3238,2014,5,15,22,30,0,0,0,3.860792636871338,10.98296508789065,129.36410154098684
3239,2014,5,15,23,30,0,0,0,3.631769180297852,10.0291687011719,136.96390633577758
3240,2014,5,16,0,30,0,0,0,3.3369770050048833,9.081262207031275,140.35242940647655
3241,2014,5,16,1,30,0,0,0,3.1001093387603764,8.317163085937523,138.4836855894905
3242,2014,5,16,2,30,0,0,0,2.9250497817993164,7.743463134765648,131.96856352682926
3243,2014,5,16,3,30,0,0,0,2.7862567901611333,7.275628662109398,122.36483555973848
3244,2014,5,16,4,30,0,0,0,2.6990365982055664,6.856347656250023,110.95397182655435
3245,2014,5,16,5,30,0,0,0,2.664231300354004,6.912652587890648,98.497164367005
3246,2014,5,16,6,30,45,26,241,2.5169973373413086,8.543450927734398,85.41201822433572
3247,2014,5,16,7,30,272,78,624,2.437938451766968,12.45501098632815,71.93803830239105
3248,2014,5,16,8,30,524,104,796,2.515570640563965,17.421594238281273,58.21100983361183
3249,2014,5,16,9,30,754,121,884,2.63431978225708,21.703668212890648,44.319625725269134
3250,2014,5,16,10,30,938,132,933,2.860286235809326,24.600610351562523,30.324684539908574
3251,2014,5,16,11,30,1059,138,959,3.0246055126190186,26.299584960937523,16.278963450782054
3252,2014,5,16,12,30,1108,141,968,3.0430848598480225,27.299218750000023,2.4816793409058704
3253,2014,5,16,13,30,1082,140,963,2.999802589416504,27.636895751953148,12.045543783865357
3254,2014,5,16,14,30,982,135,942,3.0745851993560787,27.248651123046894,26.08858756786039
3255,2014,5,16,15,30,817,126,902,3.286576747894287,26.151391601562523,40.10060868562878
3256,2014,5,16,16,30,601,112,831,3.513291358947754,24.36336669921877,54.02254393797059
3257,2014,5,16,17,30,355,89,703,3.635331153869629,21.769311523437523,67.79797142414812
3258,2014,5,16,18,30,117,42,498,3.715404510498047,18.485986328125023,81.34816143422044
3259,2014,5,16,19,30,0,0,0,3.754881381988525,15.818444824218775,94.55359358254393
3260,2014,5,16,20,30,0,0,0,3.6197781562805176,14.196191406250026,107.21071159558664
3261,2014,5,16,21,30,0,0,0,3.421990156173706,12.913049316406275,118.96768719133364
3262,2014,5,16,22,30,0,0,0,3.2301130294799805,11.80156860351565,129.18601627876075
3263,2014,5,16,23,30,0,0,0,3.035463809967041,10.8354431152344,136.75299102128955
3264,2014,5,17,0,30,0,0,0,2.846546173095703,10.170434570312525,140.12438248410106
3265,2014,5,17,1,30,0,0,0,2.666144847869873,9.89397583007815,138.26893657795537
3266,2014,5,17,2,30,0,0,0,2.50226092338562,9.8972106933594,131.78751468188005
3267,2014,5,17,3,30,0,0,0,2.380573272705078,9.9785095214844,122.21948158714329
3268,2014,5,17,4,30,0,0,0,2.309544563293457,10.02581176757815,110.838719975883
3269,2014,5,17,5,30,0,0,0,2.2595977783203125,10.50139770507815,98.4059320300424
3270,2014,5,17,6,30,46,26,243,2.0691359043121342,12.90056762695315,85.34002359050649
3271,2014,5,17,7,30,269,77,615,1.7315468788146973,17.064874267578148,71.88170851778673
3272,2014,5,17,8,30,513,103,778,1.1603766679763794,21.324548339843773,58.16771153306957
3273,2014,5,17,9,30,735,119,860,0.5596879124641418,25.20711669921877,44.287170984409215
3274,2014,5,17,10,30,913,130,906,0.7047140598297119,28.07650146484377,30.30065018126428
3275,2014,5,17,11,30,1031,136,931,1.325145959854126,29.624871826171894,16.25790984913681
3276,2014,5,17,12,30,1079,139,940,1.7771512269973757,30.401513671875023,2.378139482004741
3277,2014,5,17,13,30,1052,138,934,2.085357666015625,30.51546630859377,12.008588902759412
3278,2014,5,17,14,30,953,133,912,2.366868019104004,29.908868408203148,26.05310805997677
3279,2014,5,17,15,30,791,124,870,2.692875623703003,28.610742187500023,40.05787460263203
3280,2014,5,17,16,30,579,110,797,3.0577926635742188,26.625238037109398,53.96984002376399
3281,2014,5,17,17,30,337,91,650,3.3473920822143555,24.172021484375023,67.73324849974475
3282,2014,5,17,18,30,49,49,0,3.48648738861084,21.496301269531273,81.26911778863656
3283,2014,5,17,19,30,0,0,0,3.4107460975646973,19.272515869140648,94.45722333320609
3284,2014,5,17,20,30,0,0,0,3.0860133171081543,17.836480712890648,107.09301712258028
3285,2014,5,17,21,30,0,0,0,2.6198110580444336,16.810998535156273,118.82356921578064
3286,2014,5,17,22,30,0,0,0,2.055408000946045,16.190423583984398,129.01042302836424
3287,2014,5,17,23,30,0,0,0,1.4847480058670044,15.8354431152344,136.54605545514326
3288,2014,5,18,0,30,0,0,0,1.1876766681671145,15.545678710937526,139.901668847228
3289,2014,5,18,1,30,0,0,0,1.2457623481750488,15.1872497558594,138.0599469442389
3290,2014,5,18,2,30,0,0,0,1.528993844985962,14.7718444824219,131.61187973852302
3291,2014,5,18,3,30,0,0,0,1.9087789058685305,14.42730102539065,122.07903732742778
3292,2014,5,18,4,30,0,0,0,2.1868677139282227,14.099023437500026,110.72796033348264
3293,2014,5,18,5,30,0,0,0,2.204373836517334,14.04351196289065,98.31888726439064
3294,2014,5,18,6,30,45,26,234,1.9667751789093015,15.3995300292969,85.27200692712793
3295,2014,5,18,7,30,263,76,599,1.7416565418243408,18.167016601562523,71.82923573421377
3296,2014,5,18,8,30,506,102,764,1.496166467666626,20.839959716796894,58.12824195407892
3297,2014,5,18,9,30,727,118,850,1.0821338891983032,23.141107177734398,44.25865501930459
3298,2014,5,18,10,30,904,129,897,0.8055296540260315,25.400170898437523,30.280955195512643
3299,2014,5,18,11,30,1022,136,923,0.9704079627990724,27.290429687500023,16.24259337861706
3300,2014,5,18,12,30,1001,371,630,1.394033670425415,28.564111328125023,2.2961904992440343
3301,2014,5,18,13,30,977,351,639,1.735606670379639,29.282373046875023,11.974143056387147
3302,2014,5,18,14,30,837,378,511,1.9110853672027588,29.395227050781273,26.01788985466384
3303,2014,5,18,15,30,741,218,682,1.9876679182052608,29.002618408203148,40.014866014116265
3304,2014,5,18,16,30,510,193,537,2.1345775127410893,27.883538818359398,53.91673488773827
3305,2014,5,18,17,30,258,157,266,2.458249568939209,25.688226318359398,67.6681858712064
3306,2014,5,18,18,30,97,52,291,2.893824815750122,22.800317382812523,81.18993080802484
3307,2014,5,18,19,30,0,0,0,3.1829965114593506,20.326165771484398,94.36104405041095
3308,2014,5,18,20,30,0,0,0,3.20719575881958,18.601556396484398,106.97602545055113
3309,2014,5,18,21,30,0,0,0,2.9582486152648926,17.277856445312526,118.6809223043968
3310,2014,5,18,22,30,0,0,0,2.4252750873565674,16.409600830078148,128.83742974080536
3311,2014,5,18,23,30,0,0,0,1.7457830905914309,15.88787231445315,136.34319947751032
3312,2014,5,19,0,30,0,0,0,1.0284626483917236,15.594445800781275,139.68436397626846
3313,2014,5,19,1,30,0,0,0,0.713317334651947,15.35357055664065,137.85677748855562
3314,2014,5,19,2,30,0,0,0,1.1108907461166382,15.046289062500026,131.4417137566228
3315,2014,5,19,3,30,0,0,0,1.6573272943496704,14.730493164062526,121.94354726140223
3316,2014,5,19,4,30,0,0,0,1.7712725400924685,14.437890625000026,110.62172211771087
3317,2014,5,19,5,30,0,0,0,1.4301141500473022,14.430261230468775,98.23604218883624
3318,2014,5,19,6,30,42,27,179,0.9531867504119872,15.9539733886719,85.20796250489343
3319,2014,5,19,7,30,241,105,434,0.5824141502380371,19.118920898437523,71.78059501132543
3320,2014,5,19,8,30,362,243,224,0.3643851280212401,22.628839111328148,58.092554193161924
3321,2014,5,19,9,30,581,306,383,0.5176364779472351,26.050531005859398,44.234002508070134
3322,2014,5,19,10,30,754,370,445,0.8968698978424072,29.006524658203148,30.265479484579664
3323,2014,5,19,11,30,856,447,425,1.2185847759246826,30.929345703125023,16.23279236928829
3324,2014,5,19,12,30,847,428,418,1.5848785638809204,31.860162353515648,2.236600538290517
3325,2014,5,19,13,30,892,470,432,2.010700464248657,31.993463134765648,11.941970209924134
3326,2014,5,19,14,30,766,376,434,2.4378890991210938,31.473626708984398,25.982844754679505
3327,2014,5,19,15,30,680,293,504,2.815138101577759,30.41292724609377,39.9715495146489
3328,2014,5,19,16,30,548,159,660,3.1872150897979736,28.688439941406273,53.86322738994985
3329,2014,5,19,17,30,316,121,513,3.646450519561768,26.095574951171894,67.60280648699798
3330,2014,5,19,18,30,78,60,117,4.0821967124938965,22.820214843750023,81.1106441742294
3331,2014,5,19,19,30,0,0,0,4.222609519958496,19.968865966796894,94.2651188388768
3332,2014,5,19,20,30,0,0,0,3.9546294212341313,18.040185546875023,106.85981835555648
3333,2014,5,19,21,30,0,0,0,3.4595980644226074,16.781640625000026,118.5398447296709
3334,2014,5,19,22,30,0,0,0,2.9484882354736333,16.063439941406273,128.66714349248042
3335,2014,5,19,23,30,0,0,0,2.471649646759033,15.62590942382815,136.14452129751376
3336,2014,5,20,0,30,0,0,0,2.0357697010040283,15.347802734375026,139.4725417045337
3337,2014,5,20,1,30,0,0,0,1.650956392288208,15.1408630371094,137.65948703162917
3338,2014,5,20,2,30,0,0,0,1.3248523473739624,14.9632507324219,131.27706913500884
3339,2014,5,20,3,30,0,0,0,1.0620529651641846,14.8336120605469,121.81305282914197
3340,2014,5,20,4,30,0,0,0,0.8718008995056152,14.662866210937526,110.5200313693826
3341,2014,5,20,5,30,0,0,0,0.7878435850143433,14.702172851562526,98.15740571184394
3342,2014,5,20,6,30,47,27,243,0.7205361127853394,16.099176025390648,85.14788139029594
3343,2014,5,20,7,30,267,77,605,0.6922574043273926,19.035272216796894,71.73575823249881
3344,2014,5,20,8,30,509,102,769,0.8424313068389893,22.169213867187523,58.060598188525255
3345,2014,5,20,9,30,730,118,854,1.0743448734283447,25.184503173828148,44.2131349301382
3346,2014,5,20,10,30,907,129,900,1.2987756729125977,28.079766845703148,30.254099416829185
3347,2014,5,20,11,30,1023,135,924,1.5721824169158936,30.235406494140648,16.228278642079644
3348,2014,5,20,12,30,1070,138,933,1.9144408702850344,31.308007812500023,2.1995710773924486
3349,2014,5,20,13,30,1045,137,928,2.2841691970825195,31.573480224609398,11.91183649694308
3350,2014,5,20,14,30,949,132,908,2.7171661853790283,31.181146240234398,25.947888142143977
3351,2014,5,20,15,30,790,123,869,3.185565948486328,29.988519287109398,39.927894868467824
3352,2014,5,20,16,30,582,110,799,3.681129693984986,28.208520507812523,53.80931921263072
3353,2014,5,20,17,30,281,148,349,4.15625,25.576196289062523,67.53713578247655
3354,2014,5,20,18,30,114,45,440,4.308865547180177,22.115930175781273,81.03130367603667
3355,2014,5,20,19,30,0,0,0,4.2451462745666495,19.054315185546894,94.1695124297165
3356,2014,5,20,20,30,0,0,0,4.1198177337646475,17.079888916015648,106.74447859166858
3357,2014,5,20,21,30,0,0,0,3.833917617797852,15.92205200195315,118.40043486360636
3358,2014,5,20,22,30,0,0,0,3.4247283935546875,15.2459655761719,128.4996704166153
3359,2014,5,20,23,30,0,0,0,2.965016841888428,14.775964355468775,135.9501174572394
3360,2014,5,21,0,30,0,0,0,2.5396044254302983,14.389062500000026,139.26627418555825
3361,2014,5,21,1,30,0,0,0,2.1767969131469727,14.063134765625026,137.46813238618708
3362,2014,5,21,2,30,0,0,0,1.8455660343170168,13.79351196289065,131.11799559724875
3363,2014,5,21,3,30,0,0,0,1.5736470222473145,13.4863220214844,121.68759242140646
3364,2014,5,21,4,30,0,0,0,1.425437569618225,13.2003112792969,110.4229109509163
3365,2014,5,21,5,30,0,0,0,1.3474948406219482,13.330285644531275,98.08298354471935
3366,2014,5,21,6,30,47,27,241,1.241194248199463,15.136193847656275,85.09175147969951
3367,2014,5,21,7,30,263,76,596,1.0869090557098389,18.782006835937523,71.69469416720642
3368,2014,5,21,8,30,502,101,757,0.8890474438667297,22.263360595703148,58.032320823788254
3369,2014,5,21,9,30,719,117,839,0.5797896385192871,24.569879150390648,44.19597074001462
3370,2014,5,21,10,30,892,127,885,0.3714941143989563,26.12459716796877,30.246688160389795
3371,2014,5,21,11,30,1006,134,908,0.5271860361099243,26.955194091796894,16.22881856342207
3372,2014,5,21,12,30,1052,136,916,0.8708966970443726,26.99080810546877,2.18464136909283
3373,2014,5,21,13,30,1026,135,910,1.2357053756713867,26.613885498046894,11.883511018637098
3374,2014,5,21,14,30,930,131,888,1.6951212882995603,26.122521972656273,25.91293912836743
3375,2014,5,21,15,30,772,122,847,2.1450350284576416,25.463555908203148,39.883875070733616
3376,2014,5,21,16,30,482,230,426,2.416663646697998,24.483117675781273,53.755014878297175
3377,2014,5,21,17,30,336,87,650,2.6048173904418945,22.918511962890648,67.47120166663153
3378,2014,5,21,18,30,112,44,432,2.8536131381988525,20.972497558593773,80.95195716958641
3379,2014,5,21,19,30,0,0,0,3.1109416484832764,19.398217773437523,94.07429111770566
3380,2014,5,21,20,30,0,0,0,3.254258155822754,18.265069580078148,106.6300898107743
3381,2014,5,21,21,30,0,0,0,3.1998934745788574,17.336968994140648,118.26279109239523
3382,2014,5,21,22,30,0,0,0,2.978850841522217,16.678613281250026,128.3351156357595
3383,2014,5,21,23,30,0,0,0,2.6852011680603027,16.189965820312526,135.76008279605938
3384,2014,5,22,0,30,0,0,0,2.3879871368408203,15.7215515136719,139.06563186063613
3385,2014,5,22,1,30,0,0,0,2.159719467163086,15.424279785156275,137.28276832876793
3386,2014,5,22,2,30,0,0,0,1.972602605819702,15.433740234375026,130.96454017775
3387,2014,5,22,3,30,0,0,0,1.8367781639099119,15.520593261718775,121.56720137231741
3388,2014,5,22,4,30,0,0,0,1.8454343080520632,15.49212036132815,110.33038054758491
3389,2014,5,22,5,30,0,0,0,1.943145036697388,15.610559082031275,98.01277821771083
3390,2014,5,22,6,30,48,27,242,2.0065350532531743,16.463037109375026,85.03955753667553
3391,2014,5,22,7,30,264,76,597,1.9992084503173828,18.209588623046894,71.65736853715335
3392,2014,5,22,8,30,502,101,758,1.9177770614624023,20.847344970703148,58.00766603584622
3393,2014,5,22,9,30,720,117,841,1.818158745765686,23.699029541015648,44.182425544924314
3394,2014,5,22,10,30,895,127,888,1.75701904296875,26.351342773437523,30.24311601902487
3395,2014,5,22,11,30,1011,134,913,1.7656919956207275,28.719964599609398,16.234174095048985
3396,2014,5,22,12,30,1058,136,922,1.8644092082977293,30.216455078125023,2.1906808790590304
3397,2014,5,22,13,30,1033,135,917,2.0242700576782227,30.804833984375023,11.856766593096808
3398,2014,5,22,14,30,938,131,896,2.216468095779419,30.517449951171894,25.87792069638812
3399,2014,5,22,15,30,727,233,642,2.4105236530303955,29.379785156250023,39.839466404765055
3400,2014,5,22,16,30,422,266,263,2.678356647491455,27.506280517578148,53.70032176445932
3401,2014,5,22,17,30,207,164,111,3.0825517177581787,24.87825927734377,67.4050345057216
3402,2014,5,22,18,30,88,59,184,3.526488304138184,21.966302490234398,80.87265453590874
3403,2014,5,22,19,30,0,0,0,3.803977489471436,19.558160400390648,93.97952269664155
3404,2014,5,22,20,30,0,0,0,3.783660888671875,17.797998046875023,106.51673648145336
3405,2014,5,22,21,30,0,0,0,3.60941743850708,16.754541015625026,118.12701173152833
3406,2014,5,22,22,30,0,0,0,3.3593220710754395,16.276300048828148,128.17358319549163
3407,2014,5,22,23,30,0,0,0,2.9909117221832275,15.946984863281275,135.57451041529447
3408,2014,5,23,0,30,0,0,0,2.620057344436645,15.6597839355469,138.87068342658398
3409,2014,5,23,1,30,0,0,0,2.402111530303955,15.3804870605469,137.10344757196876
3410,2014,5,23,2,30,0,0,0,2.315866470336914,15.097741699218775,130.81674720835758
3411,2014,5,23,3,30,0,0,0,2.2755188941955566,14.83550415039065,121.45191195329859
3412,2014,5,23,4,30,0,0,0,2.228667736053467,14.6074157714844,110.24245667102207
3413,2014,5,23,5,30,0,0,0,2.165139675140381,14.546228027343775,97.94678909894618
3414,2014,5,23,6,30,47,31,183,2.128052234649658,15.145654296875026,84.9912770101497
3415,2014,5,23,7,30,259,75,584,2.051718235015869,16.597558593750026,71.62374408627389
3416,2014,5,23,8,30,494,99,744,1.8595614433288572,18.360925292968773,57.9865749265977
3417,2014,5,23,9,30,709,115,827,1.6979159116744995,20.321374511718773,44.17241228604741
3418,2014,5,23,10,30,881,126,874,1.6872678995132446,22.633355712890648,30.243250769208966
3419,2014,5,23,11,30,905,403,522,1.7269303798675537,25.634393310546894,16.24410382911053
3420,2014,5,23,12,30,949,435,514,1.7066891193389893,28.163323974609398,2.215976960805889
3421,2014,5,23,13,30,888,420,478,1.6328564882278442,28.626916503906273,11.831380453082746
3422,2014,5,23,14,30,469,411,65,1.5102691650390625,27.871453857421894,25.84275983593285
3423,2014,5,23,15,30,474,371,133,1.314688205718994,26.537316894531273,39.794648495220095
3424,2014,5,23,16,30,102,102,0,1.0924668312072754,24.74959716796877,53.64525011487339
3425,2014,5,23,17,30,155,146,24,1.0768686532974243,23.166741943359398,67.3386671037654
3426,2014,5,23,18,30,49,49,0,1.2900140285491943,21.854302978515648,80.7934476358013
3427,2014,5,23,19,30,0,0,0,1.4088051319122314,20.653466796875023,93.88527639259657
3428,2014,5,23,20,30,0,0,0,1.436882257461548,19.481469726562523,106.4045038069973
3429,2014,5,23,21,30,0,0,0,1.505157470703125,18.276818847656273,117.99319494132902
3430,2014,5,23,22,30,0,0,0,1.5736130475997925,17.363336181640648,128.0151759992375
3431,2014,5,23,23,30,0,0,0,1.6116539239883425,16.776544189453148,135.3934916431694
3432,2014,5,24,0,30,0,0,0,1.6589306592941284,16.333673095703148,138.6814958038
3433,2014,5,24,1,30,0,0,0,1.7160530090332031,16.030297851562526,136.9302207371726
3434,2014,5,24,2,30,0,0,0,1.6907134056091309,15.864709472656275,130.6746583055452
3435,2014,5,24,3,30,0,0,0,1.5375834703445437,15.810388183593775,121.3417533685397
3436,2014,5,24,4,30,0,0,0,1.28577983379364,15.766137695312526,110.15915266498126
3437,2014,5,24,5,30,0,0,0,0.9886127710342408,15.8964782714844,97.88501241638063
3438,2014,5,24,6,30,44,31,139,0.6833254098892212,16.743066406250026,84.94689694419934
3439,2014,5,24,7,30,237,105,418,0.5702115297317505,18.999871826171894,71.593780654429
3440,2014,5,24,8,30,500,100,755,0.7383244037628174,21.863641357421894,57.968985878459215
3441,2014,5,24,9,30,624,258,509,1.0107072591781616,24.511651611328148,44.16584142279282
3442,2014,5,24,10,30,774,352,488,1.262481927871704,27.285028076171894,30.24695799697548
3443,2014,5,24,11,30,1004,132,908,1.3780198097229004,29.556604003906273,16.258363999680213
3444,2014,5,24,12,30,1051,135,916,1.3180201053619385,30.852777099609398,2.2583949702800084
3445,2014,5,24,13,30,1025,134,910,1.209561109542847,31.070123291015648,11.807134891494215
3446,2014,5,24,14,30,644,437,230,1.1646106243133545,30.222222900390648,25.807387671346078
3447,2014,5,24,15,30,682,262,546,1.2008582353591921,28.16903076171877,39.749404357087904
3448,2014,5,24,16,30,456,245,355,1.3112165927886963,25.867059326171894,53.58981304715719
3449,2014,5,24,17,30,163,150,33,1.4212808609008791,24.060418701171894,67.27213467978368
3450,2014,5,24,18,30,57,57,0,1.423393487930298,22.443078613281273,80.7143902620429
3451,2014,5,24,19,30,0,0,0,1.3914835453033447,21.173486328125023,93.79162279541521
3452,2014,5,24,20,30,0,0,0,1.4756612777709959,19.940057373046894,106.29347764268527
3453,2014,5,24,21,30,0,0,0,1.6480318307876587,18.748834228515648,117.8614386430717
3454,2014,5,24,22,30,0,0,0,1.7932239770889282,17.872644042968773,127.85999574414
3455,2014,5,24,23,30,0,0,0,1.8635276556015012,17.324182128906273,135.21711600014257
3456,2014,5,25,0,30,0,0,0,1.8937768936157229,17.035485839843773,138.4981341046968
3457,2014,5,25,1,30,0,0,0,1.8945183753967283,16.921899414062526,136.7631363278261
3458,2014,5,25,2,30,0,0,0,1.8660311698913572,16.846765136718773,130.53831235819294
3459,2014,5,25,3,30,0,0,0,1.8590567111968996,16.760430908203148,121.23675175174259
3460,2014,5,25,4,30,0,0,0,1.8420836925506592,16.648919677734398,110.08047871334621
3461,2014,5,25,5,30,0,0,0,1.7379872798919678,16.702508544921898,97.82744128256745
3462,2014,5,25,6,30,31,28,36,1.4932715892791748,17.366784667968773,84.90638882687408
3463,2014,5,25,7,30,169,130,125,1.1072378158569336,18.797692871093773,71.56743525451657
3464,2014,5,25,8,30,390,222,316,0.7063488960266113,20.648278808593773,57.954834673104465
3465,2014,5,25,9,30,588,267,447,0.400244414806366,22.497186279296894,44.162621119438704
3466,2014,5,25,10,30,783,336,517,0.2943739593029022,24.374169921875023,30.25410143304164
3467,2014,5,25,11,30,879,410,488,0.3709161877632141,26.076867675781273,16.276709462920095
3468,2014,5,25,12,30,1041,134,907,0.4929801225662232,27.037377929687523,2.3155689804569164
3469,2014,5,25,13,30,1016,133,902,0.6165139675140381,27.26888427734377,11.783817855054707
3470,2014,5,25,14,30,922,128,881,0.6952611207962036,26.931146240234398,25.77173958252625
3471,2014,5,25,15,30,767,120,841,0.6806636452674866,25.94368896484377,39.70372044060311
3472,2014,5,25,16,30,565,106,772,0.5231946706771851,24.55672607421877,53.53402655695846
3473,2014,5,25,17,30,321,107,552,0.24174317717552185,23.326043701171894,67.20547484200453
3474,2014,5,25,18,30,56,56,0,0.2945772707462311,22.427484130859398,80.63553808903328
3475,2014,5,25,19,30,0,0,0,0.7394369840621948,21.448724365234398,93.698633788338
3476,2014,5,25,20,30,0,0,0,1.1170623302459717,20.363092041015648,106.1837444123508
3477,2014,5,25,21,30,0,0,0,1.3492666482925415,19.270745849609398,117.73184043550786
3478,2014,5,25,22,30,0,0,0,1.529108643531799,18.275292968750023,127.70814285809149
3479,2014,5,25,23,30,0,0,0,1.6671285629272459,17.567498779296898,135.04547116460736
3480,2014,5,26,0,30,0,0,0,1.753405213356018,17.041223144531273,138.3206616025141
3481,2014,5,26,1,30,0,0,0,1.7930943965911863,16.675805664062526,136.60224070333015
3482,2014,5,26,2,30,0,0,0,1.7549800872802734,16.451867675781273,130.4077455160744
3483,2014,5,26,3,30,0,0,0,1.6607699394226074,16.336389160156273,121.13693016444012
3484,2014,5,26,4,30,0,0,0,1.4728891849517822,16.206628417968773,110.0064418504182
3485,2014,5,26,5,30,0,0,0,1.1726049184799194,16.246026611328148,97.77406572236549
3486,2014,5,26,6,30,11,11,0,0.9645370244979858,16.893334960937526,84.86972531751138
3487,2014,5,26,7,30,59,59,0,1.015217900276184,18.232781982421894,71.54466215302472
3488,2014,5,26,8,30,145,141,7,1.0737023353576658,19.912896728515648,57.94405461336827
3489,2014,5,26,9,30,235,221,19,1.0132567882537842,21.309594726562523,44.162657433582176
3490,2014,5,26,10,30,292,270,24,1.0093142986297607,22.418023681640648,30.264543285092802
3491,2014,5,26,11,30,991,131,896,0.9983599185943604,23.525079345703148,16.29889463903902
3492,2014,5,26,12,30,1037,133,904,0.9193322062492372,24.36873779296877,2.38508114510806
3493,2014,5,26,13,30,868,384,494,0.8468085527420044,24.565179443359398,11.761223486893686
3494,2014,5,26,14,30,920,128,879,0.7329156398773193,24.144433593750023,25.73575531928496
3495,2014,5,26,15,30,273,256,21,0.5495781302452087,23.41707763671877,39.65758667218461
3496,2014,5,26,16,30,150,148,2,0.3722821772098541,22.618463134765648,53.47790951845807
3497,2014,5,26,17,30,6,6,0,0.31671229004859924,21.853417968750023,67.13872755879324
3498,2014,5,26,18,30,5,5,0,0.4515708982944489,20.837396240234398,80.55694861977902
3499,2014,5,26,19,30,0,0,0,0.6820975542068481,19.869287109375023,93.6063824759518
3500,2014,5,26,20,30,0,0,0,0.9169781804084778,18.880975341796894,106.07539102439007
3501,2014,5,26,21,30,0,0,0,1.1567208766937256,17.865686035156273,117.60449751208063
3502,2014,5,26,22,30,0,0,0,1.2374835014343262,17.268121337890648,127.55971643774191
3503,2014,5,26,23,30,0,0,0,1.0959874391555786,16.908654785156273,134.87864293888822
3504,2014,5,27,0,30,0,0,0,0.9275875091552734,16.641961669921898,138.14913970062156
3505,2014,5,27,1,30,0,0,0,0.7743784785270691,16.389886474609398,136.44757805360595
3506,2014,5,27,2,30,0,0,0,0.7450495362281799,16.209924316406273,130.28299117912468
3507,2014,5,27,3,30,0,0,0,0.8866991400718689,16.063806152343773,121.04230859579424
3508,2014,5,27,4,30,0,0,0,0.9510663747787476,15.83660278320315,109.9370459735126
3509,2014,5,27,5,30,0,0,0,0.8561772108078003,15.698144531250026,97.72487270349792
3510,2014,5,27,6,30,38,31,84,0.7270626425743103,16.370233154296898,84.83687617952721
3511,2014,5,27,7,30,203,124,249,0.6017796993255615,18.357598876953148,71.52541295384238
3512,2014,5,27,8,30,236,213,42,0.5766518115997314,20.919122314453148,57.93657664794826
3513,2014,5,27,9,30,709,114,829,0.6981457471847534,23.424798583984398,44.165854505960034
3514,2014,5,27,10,30,880,124,875,0.7874301075935364,25.59139404296877,30.278144565680805
3515,2014,5,27,11,30,994,130,899,0.7715777158737183,26.975701904296894,16.324674410358472
3516,2014,5,27,12,30,1040,133,908,0.7555461525917053,27.527581787109398,2.4646021021304283
3517,2014,5,27,13,30,1015,132,902,0.7988268136978149,27.360101318359398,11.739152619682315
3518,2014,5,27,14,30,921,127,880,0.8179904222488403,26.707299804687523,25.6993791091372
3519,2014,5,27,15,30,446,363,107,0.7953656911849976,25.453363037109398,39.61099649118695
3520,2014,5,27,16,30,427,259,282,0.7870666980743408,24.053826904296894,53.421483681467954
3521,2014,5,27,17,30,61,61,0,0.6247950196266174,23.105584716796894,67.071935126485
3522,2014,5,27,18,30,2,2,0,0.4116268754005432,21.903436279296894,80.4786811303253
3523,2014,5,27,19,30,0,0,0,0.6581382155418396,20.678155517578148,93.51494311035994
3524,2014,5,27,20,30,0,0,0,1.199865698814392,19.517419433593773,105.96850478716112
3525,2014,5,27,21,30,0,0,0,1.610581636428833,18.345971679687523,117.47950657875539
3526,2014,5,27,22,30,0,0,0,1.8416390419006348,17.648553466796898,127.41481418768022
3527,2014,5,27,23,30,0,0,0,1.920722723007202,17.142297363281273,134.71671521572344
3528,2014,5,28,0,30,0,0,0,1.903512477874756,16.743859863281273,137.98362790231477
3529,2014,5,28,1,30,0,0,0,1.8032028675079343,16.448175048828148,136.29919037440328
3530,2014,5,28,2,30,0,0,0,1.6566789150238037,16.232232666015648,130.1640799875168
3531,2014,5,28,3,30,0,0,0,1.474132061004639,15.87224731445315,120.95290396390014
3532,2014,5,28,4,30,0,0,0,1.2672126293182373,15.40581665039065,109.87229185786221
3533,2014,5,28,5,30,0,0,0,1.035576105117798,15.293481445312526,97.67984616992605
3534,2014,5,28,6,30,39,31,83,0.8160727024078369,16.039575195312526,84.80780833760943
3535,2014,5,28,7,30,203,126,242,0.7623218297958374,18.047418212890648,71.5096366849693
3536,2014,5,28,8,30,500,99,756,0.9112412333488464,20.784234619140648,57.932329498549215
3537,2014,5,28,9,30,636,252,535,1.1577253341674805,23.524407958984398,44.172114751035956
3538,2014,5,28,10,30,788,346,511,1.4318866729736328,26.008721923828148,30.294765414964548
3539,2014,5,28,11,30,937,346,616,1.6506218910217283,27.667932128906273,16.3538049710166
3540,2014,5,28,12,30,715,483,232,1.7292377948760986,28.396386718750023,2.551982948783106
3541,2014,5,28,13,30,568,472,98,1.6820790767669678,28.483666992187523,11.71741322182227
3542,2014,5,28,14,30,790,336,504,1.6504372358322144,27.785638427734398,25.66255975881381
3543,2014,5,28,15,30,452,366,111,1.7515079975128174,26.45101318359377,39.563946882526594
3544,2014,5,28,16,30,229,216,21,1.8805606365203855,24.79989013671877,53.364773664721326
3545,2014,5,28,17,30,202,164,96,1.9020940065383911,22.988427734375023,67.00514213415029
3546,2014,5,28,18,30,17,17,0,1.8206758499145508,21.421441650390648,80.40079661187
3547,2014,5,28,19,30,0,0,0,1.72848379611969,20.204400634765648,93.42439101591879
3548,2014,5,28,20,30,0,0,0,1.7492376565933228,19.068750000000023,105.86317332398144
3549,2014,5,28,21,30,0,0,0,1.897392749786377,18.064447021484398,117.35696377242084
3550,2014,5,28,22,30,0,0,0,1.98918616771698,17.336358642578148,127.27353236059764
3551,2014,5,28,23,30,0,0,0,1.924078226089477,16.760400390625026,134.5597699451589
3552,2014,5,29,0,30,0,0,0,1.763519048690796,16.296685791015648,137.8241837812126
3553,2014,5,29,1,30,0,0,0,1.5766180753707886,15.9287048339844,136.15711744338608
3554,2014,5,29,2,30,0,0,0,1.360931158065796,15.58806762695315,130.05103981260729
3555,2014,5,29,3,30,0,0,0,1.1013453006744385,15.306298828125026,120.8687301187525
3556,2014,5,29,4,30,0,0,0,0.8652762174606323,15.060998535156275,109.81217717383116
3557,2014,5,29,5,30,0,0,0,0.7101220488548279,15.030236816406275,97.63896707804572
3558,2014,5,29,6,30,11,11,0,0.4426609575748444,16.067346191406273,84.78248593791629
3559,2014,5,29,7,30,61,61,0,0.4718688130378723,18.369409179687523,71.49727988822858
3560,2014,5,29,8,30,248,221,51,0.9350540041923524,20.866906738281273,57.93123978917725
3561,2014,5,29,9,30,497,342,216,1.183788776397705,23.157159423828148,44.18133904769885
3562,2014,5,29,10,30,638,410,263,1.1713778972625732,25.432031250000023,30.314265416975452
3563,2014,5,29,11,30,876,432,462,1.068140745162964,27.39974365234377,16.38604462486684
3564,2014,5,29,12,30,907,457,450,0.9179493188858032,28.707696533203148,2.645302965318308
3565,2014,5,29,13,30,678,485,197,0.727553129196167,29.278771972656273,11.695820798896706
3566,2014,5,29,14,30,435,391,49,0.5741612911224365,29.138604736328148,25.625250749975024
3567,2014,5,29,15,30,124,122,2,0.540141224861145,28.23861083984377,39.51643840543174
3568,2014,5,29,16,30,105,105,0,0.636218786239624,26.643365478515648,53.307806945737475
3569,2014,5,29,17,30,72,72,0,0.875527024269104,24.717065429687523,66.93839542506504
3570,2014,5,29,18,30,26,26,0,1.2299251556396484,22.715051269531273,80.3233577102025
3571,2014,5,29,19,30,0,0,0,1.5206954479217532,21.067498779296894,93.33480251235892
3572,2014,5,29,20,30,0,0,0,1.6071680784225464,19.967370605468773,105.75948448776917
3573,2014,5,29,21,30,0,0,0,1.551942229270935,18.932275390625023,117.2369645801755
3574,2014,5,29,22,30,0,0,0,1.500701904296875,17.907434082031273,127.1359656985633
3575,2014,5,29,23,30,0,0,0,1.5095407962799072,17.090814208984398,134.4078871018433
3576,2014,5,30,0,30,0,0,0,1.5466361045837402,16.434747314453148,137.67086295225934
3577,2014,5,30,1,30,0,0,0,1.5593476295471191,15.94255981445315,136.02139679706755
3578,2014,5,30,2,30,0,0,0,1.3665130138397217,15.71111450195315,129.94389574881055
3579,2014,5,30,3,30,0,0,0,0.9371668100357056,15.7047058105469,120.78979784673807
3580,2014,5,30,4,30,0,0,0,0.4917194843292236,15.740380859375026,109.75669650641814
3581,2014,5,30,5,30,0,0,0,0.1666049361228943,15.866174316406275,97.60221343568425
3582,2014,5,30,6,30,20,20,0,0.10940998047590256,16.762994384765648,84.76087041115939
3583,2014,5,30,7,30,103,101,7,0.2859222292900085,18.316430664062523,71.48828671159606
3584,2014,5,30,8,30,160,155,10,0.4603582620620728,19.736779785156273,57.93323217744688
3585,2014,5,30,9,30,338,302,50,0.598379373550415,20.915002441406273,44.1934269298255
3586,2014,5,30,10,30,324,299,28,0.7153770327568054,21.891503906250023,30.336503908593286
3587,2014,5,30,11,30,747,413,349,0.7716596126556396,22.844445800781273,16.421154528992687
3588,2014,5,30,12,30,783,427,356,0.7876812219619751,23.642297363281273,2.7428838242176568
3589,2014,5,30,13,30,337,309,28,0.8308922052383423,24.169396972656273,11.674198753694586
3590,2014,5,30,14,30,181,167,15,0.9068191051483154,24.438989257812523,25.587410328938862
3591,2014,5,30,15,30,294,274,25,0.99096417427063,24.046624755859398,39.46847521789722
3592,2014,5,30,16,30,373,274,163,1.1487387418746948,23.06063232421877,53.250613847025754
3593,2014,5,30,17,30,340,85,651,1.3691511154174805,21.990197753906273,66.87174405532585
3594,2014,5,30,18,30,103,58,268,1.613719820976257,20.915704345703148,80.24642866291312
3595,2014,5,30,19,30,0,0,0,1.8625856637954712,19.970849609375023,93.24625483636936
3596,2014,5,30,20,30,0,0,0,2.040087938308716,19.179864501953148,105.6575262752258
3597,2014,5,30,21,30,0,0,0,2.1412410736083984,18.398492431640648,117.11960375912416
3598,2014,5,30,22,30,0,0,0,2.153680324554444,17.732537841796898,127.00220737537948
3599,2014,5,30,23,30,0,0,0,2.0560226440429688,17.205438232421898,134.2611446529203
3600,2014,5,31,0,30,0,0,0,1.9152784347534182,16.702539062500026,137.5237190434345
3601,2014,5,31,1,30,0,0,0,1.8282129764556885,16.218896484375026,135.8920637086678
3602,2014,5,31,2,30,0,0,0,1.6675846576690674,15.899865722656275,129.84267010652127
3603,2014,5,31,3,30,0,0,0,1.3860540390014648,15.70110473632815,120.716114876798
3604,2014,5,31,4,30,0,0,0,1.1364108324050903,15.526513671875026,109.7058413770759
3605,2014,5,31,5,30,0,0,0,0.9413092136383056,15.596154785156275,97.56956034372222
3606,2014,5,31,6,30,24,24,0,0.7277545928955078,16.686791992187526,84.74292053847516
3607,2014,5,31,7,30,125,116,29,0.5807895660400391,19.003167724609398,71.48259900414038
3608,2014,5,31,8,30,236,214,42,0.7482129335403442,21.548791503906273,57.93822948736577
3609,2014,5,31,9,30,712,113,836,1.131598711013794,23.596185302734398,44.20827677602945
3610,2014,5,31,10,30,885,123,883,1.4772634506225586,25.204614257812523,30.361340280427353
3611,2014,5,31,11,30,1000,129,908,1.762397527694702,26.391320800781273,16.458899381682354
3612,2014,5,31,12,30,1048,132,918,2.0166869163513184,27.079370117187523,2.8432819836363588
3613,2014,5,31,13,30,1026,131,914,2.2829036712646484,27.243890380859398,11.6523787079269
3614,2014,5,31,14,30,934,126,895,2.5956735610961914,26.786279296875023,25.549001590927283
3615,2014,5,31,15,30,780,118,857,2.9519739151000977,25.710229492187523,39.42006509712896
3616,2014,5,31,16,30,245,228,27,3.356804370880127,24.141076660156273,53.193227518577444
3617,2014,5,31,17,30,236,168,170,3.704918384552002,22.023889160156273,66.8052392491511
3618,2014,5,31,18,30,125,47,454,3.8885183334350586,19.524041748046894,80.17007523415269
3619,2014,5,31,19,30,0,0,0,3.927611351013184,17.465936279296898,93.15882606198142
3620,2014,5,31,20,30,0,0,0,3.784677267074585,16.156304931640648,105.55738674088016
3621,2014,5,31,21,30,0,0,0,3.524864196777344,15.291345214843775,117.00497525708457
3622,2014,5,31,22,30,0,0,0,3.3103933334350586,14.681359863281275,126.87234893985253
3623,2014,5,31,23,30,0,0,0,3.19012451171875,14.165856933593775,134.11961852630156
3624,2014,6,1,0,30,0,0,0,3.1597156524658203,13.653833007812526,137.38280366818782
3625,2014,6,1,1,30,0,0,0,3.163314819335937,13.118249511718775,135.76915116690515
3626,2014,6,1,2,30,0,0,0,3.0884435176849365,12.595178222656275,129.74738240600232
3627,2014,6,1,3,30,0,0,0,2.9221911430358887,12.1450134277344,120.6476858883373
3628,2014,6,1,4,30,0,0,0,2.759693145751953,11.798791503906275,109.65960026794451
3629,2014,6,1,5,30,0,0,0,2.599453926086426,12.0648132324219,97.54098004056554
3630,2014,6,1,6,30,54,34,219,2.423147678375244,14.186669921875026,84.7285925200047
3631,2014,6,1,7,30,275,76,628,2.3905344009399414,17.526177978515648,71.48015641318949
3632,2014,6,1,8,30,515,99,785,2.5258259773254395,20.506311035156273,57.946152843512394
3633,2014,6,1,9,30,732,114,862,2.639144897460937,23.010491943359398,44.225785998309576
3634,2014,6,1,10,30,904,124,904,2.7077369689941406,25.065454101562523,30.38863426890673
3635,2014,6,1,11,30,1018,130,926,2.7659239768981934,26.592736816406273,16.499048054143245
3636,2014,6,1,12,30,1065,132,933,2.826603412628174,27.586724853515648,2.9452689800645686
3637,2014,6,1,13,30,1040,131,928,2.9302892684936523,28.018823242187523,11.630200789067915
3638,2014,6,1,14,30,326,305,24,3.151533603668213,27.810205078125023,25.509992558890215
3639,2014,6,1,15,30,504,380,160,3.461421012878418,26.910913085937523,39.371219455819286
3640,2014,6,1,16,30,588,106,804,3.7716197967529297,25.304498291015648,53.13568391673939
3641,2014,6,1,17,30,356,86,685,3.9706728458404537,22.980645751953148,66.7389343511952
3642,2014,6,1,18,30,129,48,470,3.995676517486572,20.230096435546894,80.09436464720956
3643,2014,6,1,19,30,0,0,0,3.948895692825317,18.056756591796894,93.0725950195054
3644,2014,6,1,20,30,0,0,0,3.800501585006714,16.726831054687526,105.45915391093506
3645,2014,6,1,21,30,0,0,0,3.5445446968078613,15.69329223632815,116.89317213408106
3646,2014,6,1,22,30,0,0,0,3.2905619144439697,14.8337341308594,126.7464802603514
3647,2014,6,1,23,30,0,0,0,3.037220001220703,14.03521118164065,133.98338257962058
3648,2014,6,2,0,30,0,0,0,2.807858943939209,13.24419555664065,137.24816639866634
3649,2014,6,2,1,30,0,0,0,2.661830425262451,12.581506347656275,135.65268985580914
3650,2014,6,2,2,30,0,0,0,2.4759843349456787,12.352868652343775,129.65804937243243
3651,2014,6,2,3,30,0,0,0,2.157602071762085,12.312219238281275,120.58451252067344
3652,2014,6,2,4,30,0,0,0,1.9127616882324217,12.103479003906275,109.61795864817331
3653,2014,6,2,5,30,0,0,0,1.854164123535156,12.163659667968775,97.51644194906893
3654,2014,6,2,6,30,54,34,217,1.9386138916015625,13.7039733886719,84.71784004609816
3655,2014,6,2,7,30,273,75,621,2.128379344940185,16.954370117187526,71.48089648374636
3656,2014,6,2,8,30,511,98,778,2.3653905391693115,20.213647460937523,57.956921806155435
3657,2014,6,2,9,30,728,113,858,2.672776222229004,22.654656982421894,44.24585122884634
3658,2014,6,2,10,30,901,123,902,3.0412631034851074,24.51180419921877,30.418246238682517
3659,2014,6,2,11,30,342,317,26,3.4317026138305664,25.79940185546877,16.541374166105854
3660,2014,6,2,12,30,1063,132,932,3.784112930297852,26.544061279296894,3.047806499951463
3661,2014,6,2,13,30,1039,131,926,4.030545234680177,26.714807128906273,11.607513885960614
3662,2014,6,2,14,30,945,126,907,4.249847412109375,26.269555664062523,25.470356257164674
3663,2014,6,2,15,30,791,118,869,4.491378784179688,25.28646240234377,39.32195335430476
3664,2014,6,2,16,30,379,282,161,4.695033073425293,23.684136962890648,53.07802177947237
3665,2014,6,2,17,30,292,150,358,4.789186000823975,21.473901367187523,66.67288477586776
3666,2014,6,2,18,30,129,48,469,4.6936140060424805,19.003198242187523,80.01936551473275
3667,2014,6,2,19,30,0,0,0,4.5696563720703125,17.093133544921898,92.9876412133073
3668,2014,6,2,20,30,0,0,0,4.507316589355469,15.932153320312526,105.36291569701405
3669,2014,6,2,21,30,0,0,0,4.3846044540405265,15.010644531250026,116.7842864846877
3670,2014,6,2,22,30,0,0,0,4.200991153717041,14.240869140625026,126.62468947025765
3671,2014,6,2,23,30,0,0,0,3.99094820022583,13.640466308593775,133.85250856972104
3672,2014,6,3,0,30,0,0,0,3.80466365814209,13.2311950683594,137.11985473980792
3673,2014,6,3,1,30,0,0,0,3.682296514511109,12.92962036132815,135.54270813557554
3674,2014,6,3,2,30,0,0,0,3.5855503082275386,12.71074829101565,129.57468493203532
3675,2014,6,3,3,30,0,0,0,3.4865550994873047,12.532739257812526,120.52659338431305
3676,2014,6,3,4,30,0,0,0,3.3987834453582764,12.3365417480469,109.58089900275152
3677,2014,6,3,5,30,0,0,0,3.3523077964782715,12.45855102539065,97.49591272617587
3678,2014,6,3,6,30,54,34,218,3.3072528839111333,13.5775085449219,84.71061437089543
3679,2014,6,3,7,30,273,75,623,3.3682901859283447,15.87554321289065,71.48475475977831
3680,2014,6,3,8,30,512,98,780,3.5501585006713867,18.904901123046894,57.9704545071136
3681,2014,6,3,9,30,729,113,860,3.6477110385894775,21.807550048828148,44.268368504954225
3682,2014,6,3,10,30,902,123,904,3.678166389465332,24.110406494140648,30.450037455235204
3683,2014,6,3,11,30,1016,129,925,3.712669849395752,25.82064208984377,16.585656606408705
3684,2014,6,3,12,30,1061,131,931,3.738185405731201,26.853417968750023,3.150020541504474
3685,2014,6,3,13,30,1034,130,923,3.755631923675537,27.127862548828148,11.584175876875277
3686,2014,6,3,14,30,938,125,900,3.933955669403076,26.322869873046894,25.43007078000524
3687,2014,6,3,15,30,506,376,168,4.33504056930542,24.516839599609398,39.2722855084496
3688,2014,6,3,16,30,579,104,789,4.778448581695557,22.112390136718773,53.02028259780348
3689,2014,6,3,17,30,284,152,332,5.012595176696777,19.683862304687523,66.60714795351184
3690,2014,6,3,18,30,127,48,452,4.914306640625,17.746667480468773,79.9451477668657
3691,2014,6,3,19,30,0,0,0,4.68544864654541,16.442041015625026,92.90404473841394
3692,2014,6,3,20,30,0,0,0,4.424239158630371,15.5816589355469,105.26875980978949
3693,2014,6,3,21,30,0,0,0,4.196578979492188,14.9301696777344,116.67840936117638
3694,2014,6,3,22,30,0,0,0,4.046219348907472,14.4703308105469,126.50706291453942
3695,2014,6,3,23,30,0,0,0,3.84212064743042,14.128503417968775,133.72706612280024
3696,2014,6,4,0,30,0,0,0,3.6328372955322266,13.8970886230469,136.9979141043196
3697,2014,6,4,1,30,0,0,0,3.4811797142028813,13.740319824218775,135.43923202453462
3698,2014,6,4,2,30,0,0,0,3.239213466644287,13.6917663574219,129.49730020942422
3699,2014,6,4,3,30,0,0,0,2.8975367546081543,13.7678161621094,120.47392407396912
3700,2014,6,4,4,30,0,0,0,2.6028449535369877,13.785852050781275,109.54840086351787
3701,2014,6,4,5,30,0,0,0,2.345679521560669,13.9833923339844,97.47935631498949
3702,2014,6,4,6,30,53,33,212,2.076789140701294,15.1832214355469,84.70686438840494
3703,2014,6,4,7,30,268,74,611,1.8607954978942869,17.589166259765648,71.4916648873964
3704,2014,6,4,8,30,504,97,768,1.7041444778442385,20.765283203125023,57.98666778615123
3705,2014,6,4,9,30,719,112,848,1.575542449951172,23.907678222656273,44.293233451504996
3706,2014,6,4,10,30,892,122,893,1.577259540557861,26.303277587890648,30.48387034690497
3707,2014,6,4,11,30,1007,128,917,1.7067029476165771,27.936303710937523,16.631679999948688
3708,2014,6,4,12,30,1055,130,926,1.8689470291137693,28.836877441406273,3.251177060300193
3709,2014,6,4,13,30,1031,129,920,2.041547536849976,29.082269287109398,11.560053833373045
3710,2014,6,4,14,30,938,125,900,2.331705093383789,28.683496093750023,25.389119355287992
3711,2014,6,4,15,30,784,117,861,2.77705717086792,27.576593017578148,39.222238293380364
3712,2014,6,4,16,30,582,104,793,3.2773728370666504,25.761621093750023,52.96251058361916
3713,2014,6,4,17,30,352,84,673,3.732631921768189,23.339807128906273,66.54178327363076
3714,2014,6,4,18,30,128,48,456,3.923994541168213,20.483819580078148,79.87178257715674
3715,2014,6,4,19,30,0,0,0,3.9294142723083496,18.013879394531273,92.82188619597878
3716,2014,6,4,20,30,0,0,0,3.8108124732971187,16.506951904296898,105.1767736726948
3717,2014,6,4,21,30,0,0,0,3.5270442962646484,15.601464843750026,116.5756306976653
3718,2014,6,4,22,30,0,0,0,3.2340474128723145,15.004541015625026,126.39368509748057
3719,2014,6,4,23,30,0,0,0,2.974921703338623,14.535607910156275,133.6071227051875
3720,2014,6,5,0,30,0,0,0,2.762091636657715,14.183679199218775,136.88238778860241
3721,2014,6,5,1,30,0,0,0,2.5985848903656006,13.911340332031275,135.34228518226527
3722,2014,6,5,2,30,0,0,0,2.4510457515716557,13.706628417968775,129.42590352616298
3723,2014,6,5,3,30,0,0,0,2.3042800426483154,13.542138671875026,120.42649718324765
3724,2014,6,5,4,30,0,0,0,2.1945447921752934,13.34099731445315,109.52044084241275
3725,2014,6,5,5,30,0,0,0,2.121246099472046,13.53630981445315,97.46673399942438
3726,2014,6,5,6,30,53,33,215,1.9959594011306765,14.986535644531275,84.70653671083417
3727,2014,6,5,7,30,270,74,616,1.7976999282836914,17.978784179687523,71.50155871955997
3728,2014,6,5,8,30,506,97,772,1.5797696113586426,21.468286132812523,58.00547732745349
3729,2014,6,5,9,30,721,112,851,1.4308595657348633,24.436547851562523,44.32034146056328
3730,2014,6,5,10,30,893,121,895,1.406383752822876,26.750787353515648,30.519608756256147
3731,2014,6,5,11,30,1007,127,918,1.409543514251709,28.46053466796877,16.67923512308873
3732,2014,6,5,12,30,680,499,181,1.4012439250946045,29.56697998046877,3.3506602221290933
3733,2014,6,5,13,30,665,489,179,1.430147409439087,29.991021728515648,11.535024203825527
3734,2014,6,5,14,30,617,447,187,1.6128920316696167,29.626245117187523,25.347490403344764
3735,2014,6,5,15,30,785,116,862,2.04922103881836,28.272149658203148,39.17183774286074
3736,2014,6,5,16,30,583,104,795,2.7167282104492188,26.114648437500023,52.90475263366769
3737,2014,6,5,17,30,354,84,675,3.3657708168029785,23.419396972656273,66.47685202508787
3738,2014,6,5,18,30,129,48,459,3.7391784191131587,20.388574218750023,79.79934228650708
3739,2014,6,5,19,30,0,0,0,3.841631174087525,17.995141601562523,92.74124660784015
3740,2014,6,5,20,30,0,0,0,3.7398314476013184,16.776483154296898,105.0870443357988
3741,2014,6,5,21,30,0,0,0,3.5267906188964844,16.171075439453148,116.47603923518801
3742,2014,6,5,22,30,0,0,0,3.319463968276977,15.854272460937526,126.284638631412
3743,2014,6,5,23,30,0,0,0,3.0816669464111333,15.77105102539065,133.4927435949033
3744,2014,6,6,0,30,0,0,0,2.744587182998657,15.65618286132815,136.77331694969317
3745,2014,6,6,1,30,0,0,0,2.4160194396972656,15.42339477539065,135.2518888938663
3746,2014,6,6,2,30,0,0,0,2.1513984203338623,15.259606933593775,129.36050040052163
3747,2014,6,6,3,30,0,0,0,1.9236011505126955,15.172814941406275,120.38430232112171
3748,2014,6,6,4,30,0,0,0,1.757972002029419,15.0278259277344,109.49699266700635
3749,2014,6,6,5,30,0,0,0,1.652423620223999,15.1425720214844,97.45800446107609
3750,2014,6,6,6,30,52,32,207,1.5593950748443604,16.261010742187526,84.70957574890666
3751,2014,6,6,7,30,263,73,600,1.4809901714324951,18.553460693359398,71.51436642214729
3752,2014,6,6,8,30,495,95,755,1.506805419921875,21.308953857421894,58.02679779608928
3753,2014,6,6,9,30,587,263,452,1.652666687965393,23.724023437500023,44.349587867926644
3754,2014,6,6,10,30,728,317,477,1.8282583951950075,25.579766845703148,30.557118180253084
3755,2014,6,6,11,30,991,126,903,1.9367583990097048,26.924951171875023,16.728119269674593
3756,2014,6,6,12,30,1038,128,911,1.939300775527954,27.539483642578148,3.4479536219970868
3757,2014,6,6,13,30,1015,128,905,1.8807069063186648,27.429895019531273,11.508972980046565
3758,2014,6,6,14,30,924,123,885,1.803927183151245,26.677636718750023,25.30517759112618
3759,2014,6,6,15,30,772,115,846,1.8094942569732664,25.291192626953148,39.12111354436401
3760,2014,6,6,16,30,314,266,78,1.9664261341094968,23.522515869140648,52.84705828991137
3761,2014,6,6,17,30,250,166,211,2.15972900390625,21.581750488281273,66.41241733341333
3762,2014,6,6,18,30,127,48,442,2.279270648956299,19.622949218750023,79.72790032510126
3763,2014,6,6,19,30,0,0,0,2.3278841972351074,17.995324707031273,92.66220733013836
3764,2014,6,6,20,30,0,0,0,2.440459966659546,16.985925292968773,104.99965838968204
3765,2014,6,6,21,30,0,0,0,2.622878074645996,16.431390380859398,116.37972244771751
3766,2014,6,6,22,30,0,0,0,2.7183187007904053,16.049829101562526,126.18000418660051
3767,2014,6,6,23,30,0,0,0,2.695378303527832,15.7259460449219,133.3839918539208
3768,2014,6,7,0,30,0,0,0,2.633553028106689,15.39080200195315,136.6707405832506
3769,2014,6,7,1,30,0,0,0,2.614802598953247,15.0568786621094,135.16806205548693
3770,2014,6,7,2,30,0,0,0,2.626360893249512,14.793054199218775,129.30109354859434
3771,2014,6,7,3,30,0,0,0,2.6473610401153564,14.5657897949219,120.34732613023323
3772,2014,6,7,4,30,0,0,0,2.682270765304565,14.322229003906275,109.47802721823713
3773,2014,6,7,5,30,0,0,0,2.670332908630371,14.268579101562526,97.45312383851382
3774,2014,6,7,6,30,46,32,150,2.68373966217041,15.17205200195315,84.71592379432319
3775,2014,6,7,7,30,236,102,421,2.691678047180176,17.168237304687526,71.5300165813243
3776,2014,6,7,8,30,444,157,543,2.584060907363892,19.666955566406273,58.050542974088295
3777,2014,6,7,9,30,568,295,381,2.4329233169555664,22.420770263671894,44.38086812619638
3778,2014,6,7,10,30,516,414,118,2.312450408935547,24.94515380859377,30.596265999392692
3779,2014,6,7,11,30,643,467,183,2.245023250579834,26.697808837890648,16.778136570583502
3780,2014,6,7,12,30,675,489,187,2.1845941543579097,27.699914550781273,3.542624409069674
3781,2014,6,7,13,30,902,424,488,2.087565898895264,27.894708251953148,11.481795850215844
3782,2014,6,7,14,30,808,351,505,2.0177018642425537,27.356439208984398,25.26217988168555
3783,2014,6,7,15,30,708,252,586,2.022653102874756,26.272210693359398,39.0700990297056
3784,2014,6,7,16,30,388,278,181,2.0145809650421143,24.715539550781273,52.789479695938546
3785,2014,6,7,17,30,352,84,668,1.9657133817672732,22.94271240234377,66.34854409513295
3786,2014,6,7,18,30,130,48,453,1.9234519004821775,21.186730957031273,79.65753113233939
3787,2014,6,7,19,30,0,0,0,1.8888020515441892,19.831842041015648,92.58484996603023
3788,2014,6,7,20,30,0,0,0,1.8327698707580569,18.867486572265648,104.91470187970056
3789,2014,6,7,21,30,0,0,0,1.7503993511199951,18.119683837890648,116.28676646925379
3790,2014,6,7,22,30,0,0,0,1.6518310308456419,17.549798583984398,126.07986044229912
3791,2014,6,7,23,30,0,0,0,1.5311734676361084,17.018640136718773,133.28092830124245
3792,2014,6,8,0,30,0,0,0,1.3887689113616943,16.452783203125026,136.57469550262363
3793,2014,6,8,1,30,0,0,0,1.2190470695495603,15.859155273437526,135.09082116109371
3794,2014,6,8,2,30,0,0,0,1.0452980995178225,15.53338012695315,129.24768288667644
3795,2014,6,8,3,30,0,0,0,0.968592643737793,15.33880004882815,120.3155523068878
3796,2014,6,8,4,30,0,0,0,1.0262701511383057,15.016992187500026,109.46351257031769
3797,2014,6,8,5,30,0,0,0,1.1706780195236206,14.9023376464844,97.45204578891364
3798,2014,6,8,6,30,27,26,7,1.4579893350601196,15.659570312500026,84.7255211041079
3799,2014,6,8,7,30,137,122,48,1.8676345348358157,17.540521240234398,71.54843631187616
3800,2014,6,8,8,30,347,239,204,2.21254301071167,19.932672119140648,58.07662589598246
3801,2014,6,8,9,30,550,314,329,2.4536571502685547,22.400689697265648,44.41407797419068
3802,2014,6,8,10,30,726,331,458,2.605196952819824,24.820733642578148,30.636921695402254
3803,2014,6,8,11,30,820,381,458,2.6432430744171143,26.854608154296894,16.829098269532025
3804,2014,6,8,12,30,1049,129,922,2.5888080596923833,28.156152343750023,3.6343100544836062
3805,2014,6,8,13,30,1027,128,917,2.479806661605835,28.521478271484398,11.45339834153691
3806,2014,6,8,14,30,937,123,898,2.423679113388061,28.117730712890648,25.218501579031265
3807,2014,6,8,15,30,784,115,860,2.5024173259735107,27.035302734375023,39.01883116122791
3808,2014,6,8,16,30,490,236,420,2.629992961883545,25.165307617187523,52.73207154966899
3809,2014,6,8,17,30,299,146,378,2.614098072052002,22.944207763671894,66.28529890915297
3810,2014,6,8,18,30,99,68,173,2.533762216567993,20.694055175781273,79.588310074917
3811,2014,6,8,19,30,0,0,0,2.5085320472717285,18.920190429687523,92.50925627765386
3812,2014,6,8,20,30,0,0,0,2.3839211463928223,17.944757080078148,104.83226022046206
3813,2014,6,8,21,30,0,0,0,2.1361651420593257,17.390954589843773,116.19725602199293
3814,2014,6,8,22,30,0,0,0,1.8794676065444944,17.019586181640648,125.98428403889471
3815,2014,6,8,23,30,0,0,0,1.6270018815994265,16.691094970703148,133.183611486818
3816,2014,6,9,0,30,0,0,0,1.3593076467514038,16.376550292968773,136.48521631908534
3817,2014,6,9,1,30,0,0,0,1.1123758554458618,16.135430908203148,135.02018029053542
3818,2014,6,9,2,30,0,0,0,0.9411547780036926,15.975610351562526,129.20026553500338
3819,2014,6,9,3,30,0,0,0,0.8623888492584229,15.8150573730469,120.28896162285172
3820,2014,6,9,4,30,0,0,0,0.8365277051925659,15.6690612792969,109.45341403282863
3821,2014,6,9,5,30,0,0,0,0.8432997465133667,15.773461914062526,97.45472155168171
3822,2014,6,9,6,30,36,30,59,0.8513433933258057,17.147760009765648,84.73830598664065
3823,2014,6,9,7,30,184,130,171,0.8764495849609375,19.742364501953148,71.56955136647693
3824,2014,6,9,8,30,503,96,771,0.8821820020675659,22.293542480468773,58.10495898354864
3825,2014,6,9,9,30,720,110,853,0.8026213645935059,24.680596923828148,44.449113602427076
3826,2014,6,9,10,30,894,120,899,0.6835976839065552,26.735284423828148,30.678957057694397
3827,2014,6,9,11,30,1008,126,922,0.5583181381225586,28.231683349609398,16.880822958129652
3828,2014,6,9,12,30,1055,129,928,0.484937310218811,29.365289306640648,3.7227074231460895
3829,2014,6,9,13,30,1031,128,922,0.486863911151886,29.879876708984398,11.42369595569508
3830,2014,6,9,14,30,939,123,901,0.5043394565582275,29.377496337890648,25.174152368364343
3831,2014,6,9,15,30,621,334,369,0.6936736106872559,27.917657470703148,38.967350513338715
3832,2014,6,9,16,30,586,103,796,1.1488285064697266,25.993310546875023,52.67489105222032
3833,2014,6,9,17,30,357,84,677,1.5764926671981812,23.902337646484398,66.2227500053751
3834,2014,6,9,18,30,133,49,460,1.8734784126281736,21.799493408203148,79.52031336322247
3835,2014,6,9,19,30,0,0,0,2.0716769695281982,20.125665283203148,92.43550809751585
3836,2014,6,9,20,30,0,0,0,2.1941351890563965,18.955194091796894,104.75241811075406
3837,2014,6,9,21,30,0,0,0,2.334852695465088,18.159082031250023,116.11127434548195
3838,2014,6,9,22,30,0,0,0,2.5157694816589355,17.702905273437523,125.89334953122784
3839,2014,6,9,23,30,0,0,0,2.676795959472656,17.306268310546898,133.09209766637022
3840,2014,6,10,0,30,0,0,0,2.648186445236206,16.803796386718773,136.40233542324162
3841,2014,6,10,1,30,0,0,0,2.395807266235352,16.419915771484398,134.95615109890514
3842,2014,6,10,2,30,0,0,0,2.0117347240448002,16.149255371093773,129.15883582279164
3843,2014,6,10,3,30,0,0,0,1.6505919694900513,15.787438964843775,120.26753194896652
3844,2014,6,10,4,30,0,0,0,1.4843523502349854,15.4778991699219,109.44769419489916
3845,2014,6,10,5,30,0,0,0,1.5277185440063477,15.427758789062526,97.46110001427922
3846,2014,6,10,6,30,42,32,110,1.6397701501846311,16.090478515625026,84.75421488933965
3847,2014,6,10,7,30,216,120,302,1.6357994079589844,17.798669433593773,71.5932862454425
3848,2014,6,10,8,30,429,186,460,1.3444037437438965,20.343621826171894,58.13545417944775
3849,2014,6,10,9,30,616,264,492,0.914702296257019,23.362756347656273,44.485871814366455
3850,2014,6,10,10,30,763,358,471,0.8902288675308228,26.232873535156273,30.722246378521923
3851,2014,6,10,11,30,907,418,512,1.3312416076660156,28.225640869140648,16.933136773408847
3852,2014,6,10,12,30,1054,128,927,1.9029619693756104,29.189324951171894,3.807563803180784
3853,2014,6,10,13,30,1032,127,922,2.4145050048828125,29.493096923828148,11.392614300011687
3854,2014,6,10,14,30,942,123,903,2.78023624420166,29.271508789062523,25.129147351696464
3855,2014,6,10,15,30,790,115,866,3.004072427749634,28.405419921875023,38.91570124954541
3856,2014,6,10,16,30,590,103,801,3.0951552391052246,26.864862060546894,52.617997852903784
3857,2014,6,10,17,30,361,84,685,3.0854954719543457,24.56844482421877,66.16096717042144
3858,2014,6,10,18,30,136,49,473,3.0261352062225337,21.655053710937523,79.45361796580669
3859,2014,6,10,19,30,0,0,0,2.8707034587860107,19.240625000000023,92.36368723916229
3860,2014,6,10,20,30,0,0,0,2.622246265411377,17.762689208984398,104.67525944878905
3861,2014,6,10,21,30,0,0,0,2.403076171875,16.758081054687526,116.02890312702644
3862,2014,6,10,22,30,0,0,0,2.1946280002593994,16.085839843750026,125.80712934312623
3863,2014,6,10,23,30,0,0,0,1.93708610534668,15.5327087402344,133.00644077706716
3864,2014,6,11,0,30,0,0,0,1.6452299356460571,15.026330566406275,136.32608296765034
3865,2014,6,11,1,30,0,0,0,1.3790900707244873,14.5689636230469,134.89874280728324
3866,2014,6,11,2,30,0,0,0,1.1816246509552002,14.196862792968775,129.1233852947363
3867,2014,6,11,3,30,0,0,0,1.1123151779174805,13.8518005371094,120.25123828047077
3868,2014,6,11,4,30,0,0,0,1.2243127822875977,13.51006469726565,109.4463129715093
3869,2014,6,11,5,30,0,0,0,1.4504817724227903,13.706140136718775,97.47112778012463
3870,2014,6,11,6,30,41,32,104,1.583230972290039,15.4363952636719,84.7731824879097
3871,2014,6,11,7,30,213,122,287,1.6551142930984497,18.532098388671894,71.61956430723855
3872,2014,6,11,8,30,476,138,641,1.7058255672454834,21.865991210937523,58.16802307971159
3873,2014,6,11,9,30,663,233,602,1.618457555770874,24.907037353515648,44.524250183396255
3874,2014,6,11,10,30,819,325,575,1.464866042137146,27.424707031250023,30.76666663690917
3875,2014,6,11,11,30,900,440,481,1.3443797826766968,29.269067382812523,16.985873560773456
3876,2014,6,11,12,30,873,442,431,1.3118565082550049,30.395867919921894,3.8886695727696012
3877,2014,6,11,13,30,917,456,470,1.3654134273529053,30.744378662109398,11.360089216808374
3878,2014,6,11,14,30,877,322,613,1.5484266281127932,30.390618896484398,25.083507078598913
3879,2014,6,11,15,30,798,116,876,1.8712035417556765,29.453027343750023,38.86393109461394
3880,2014,6,11,16,30,597,103,812,2.1920132637023926,27.919305419921894,52.561453990403784
3881,2014,6,11,17,30,367,84,698,2.368802547454834,25.666925048828148,66.10002167057311
3882,2014,6,11,18,30,140,50,488,2.457383632659912,22.902825927734398,79.38830152246226
3883,2014,6,11,19,30,0,0,0,2.522822380065918,20.679650878906273,92.29387540739016
3884,2014,6,11,20,30,0,0,0,2.4720940589904785,19.242089843750023,104.60086724810057
3885,2014,6,11,21,30,0,0,0,2.2862424850463867,18.052606201171894,115.95022243325235
3886,2014,6,11,22,30,0,0,0,2.022049188613892,17.085137939453148,125.7256937231583
3887,2014,6,11,23,30,0,0,0,1.7644157409667969,16.275506591796898,132.92669241427228
3888,2014,6,12,0,30,0,0,0,1.5997533798217771,15.525292968750026,136.25648685074086
3889,2014,6,12,1,30,0,0,0,1.5336267948150637,14.866113281250026,134.8479621948132
3890,2014,6,12,2,30,0,0,0,1.4487526416778564,14.389916992187526,129.09390271882984
3891,2014,6,12,3,30,0,0,0,1.2661596536636353,14.046533203125026,120.24005276414071
3892,2014,6,12,4,30,0,0,0,1.0344562530517578,13.753442382812526,109.4492276517515
3893,2014,6,12,5,30,0,0,0,0.78355473279953,14.087365722656275,97.48474923823132
3894,2014,6,12,6,30,53,33,216,0.4764118194580078,16.486047363281273,84.79514177681041
3895,2014,6,12,7,30,270,73,625,0.28317975997924805,20.460809326171894,71.64830787901438
3896,2014,6,12,8,30,509,96,783,0.43642428517341614,23.973077392578148,58.202577064695596
3897,2014,6,12,9,30,727,110,865,0.6478142142295837,26.624047851562523,44.564147205189705
3898,2014,6,12,10,30,903,120,911,0.7171121835708618,28.732568359375023,30.81209767150056
3899,2014,6,12,11,30,1021,126,935,0.7844866514205933,30.268975830078148,17.038875005429645
3900,2014,6,12,12,30,1071,129,944,0.8773858547210693,31.202355957031273,3.965852223569783
3901,2014,6,12,13,30,1050,128,940,1.0005600452423096,31.518090820312523,11.326066914042684
3902,2014,6,12,14,30,959,124,922,1.1929513216018677,31.22957763671877,25.037257572267734
3903,2014,6,12,15,30,807,116,886,1.467037558555603,30.324822998046894,38.812091301946346
3904,2014,6,12,16,30,605,104,823,1.7518303394317627,28.788507080078148,52.505323830025155
3905,2014,6,12,17,30,373,85,710,1.97442626953125,26.551019287109398,66.03998617209552
3906,2014,6,12,18,30,143,50,501,2.155755519866944,23.822930908203148,79.324442255504
3907,2014,6,12,19,30,0,0,0,2.308507442474365,21.616784667968773,92.22615410807327
3908,2014,6,12,20,30,0,0,0,2.3583431243896484,20.030145263671894,104.52932355392929
3909,2014,6,12,21,30,0,0,0,2.2853844165802,18.631585693359398,115.87531064278222
3910,2014,6,12,22,30,0,0,0,2.1409621238708496,17.601403808593773,125.64911070153471
3911,2014,6,12,23,30,0,0,0,1.9717485904693604,16.869714355468773,132.85290180921822
3912,2014,6,13,0,30,0,0,0,1.8325490951538088,16.308038330078148,136.19357270199922
3913,2014,6,13,1,30,0,0,0,1.7343041896820068,15.8640075683594,134.8038135921797
3914,2014,6,13,2,30,0,0,0,1.58697509765625,15.56218872070315,129.07037409560442
3915,2014,6,13,3,30,0,0,0,1.3568683862686155,15.342858886718775,120.23394472716629
3916,2014,6,13,4,30,0,0,0,1.1345698833465576,15.1151062011719,109.4563929492662
3917,2014,6,13,5,30,0,0,0,0.9886847734451294,15.28765258789065,97.50190663494024
3918,2014,6,13,6,30,51,32,209,0.9527410268783568,16.579522705078148,84.82002416114787
3919,2014,6,13,7,30,266,73,616,1.071494460105896,18.757897949218773,71.67943836747746
3920,2014,6,13,8,30,504,95,776,1.3136357069015503,21.122766113281273,58.23902742842135
3921,2014,6,13,9,30,722,110,859,1.652611494064331,23.404962158203148,44.60546244546259
3922,2014,6,13,10,30,898,120,906,2.0632786750793457,25.826959228515648,30.858422342681607
3923,2014,6,13,11,30,1016,126,931,2.409985303878784,28.037286376953148,17.091990735549047
3924,2014,6,13,12,30,1067,129,940,2.634439468383789,29.425317382812523,4.038971502995763
3925,2014,6,13,13,30,838,414,432,2.7541522979736333,30.134179687500023,11.290504098975092
3926,2014,6,13,14,30,855,370,535,2.8416004180908203,30.131372070312523,24.990430350505182
3927,2014,6,13,15,30,724,268,584,2.9204139709472656,29.433862304687523,38.760236616010296
3928,2014,6,13,16,30,556,168,636,2.984987735748291,28.068750000000023,52.449673997093925
3929,2014,6,13,17,30,287,163,304,3.06620192527771,25.805657958984398,65.98093465860515
3930,2014,6,13,18,30,118,65,284,3.236372232437134,22.85872802734377,79.2621188796608
3931,2014,6,13,19,30,0,0,0,3.4757232666015625,20.442102050781273,92.16060455758574
3932,2014,6,13,20,30,0,0,0,3.6281871795654297,18.840325927734398,104.46070936032824
3933,2014,6,13,21,30,0,0,0,3.653773784637451,17.470178222656273,115.80424438031885
3934,2014,6,13,22,30,0,0,0,3.6175947189331055,16.433129882812526,125.57744604839444
3935,2014,6,13,23,30,0,0,0,3.544856071472168,15.786035156250026,132.78511580773372
3936,2014,6,14,0,30,0,0,0,3.4001178741455083,15.428735351562526,136.13736386850826
3937,2014,6,14,1,30,0,0,0,3.193415403366089,15.245507812500026,134.7662988764865
3938,2014,6,14,2,30,0,0,0,2.8801186084747314,15.069970703125026,129.05278266876792
3939,2014,6,14,3,30,0,0,0,2.5191707611083984,14.86296997070315,120.23288070777224
3940,2014,6,14,4,30,0,0,0,2.2672653198242188,14.693200683593775,109.46776105444776
3941,2014,6,14,5,30,0,0,0,2.0700254440307617,14.8026062011719,97.52254014723431
3942,2014,6,14,6,30,51,32,210,1.8159701824188232,15.948632812500026,84.84775954954785
3943,2014,6,14,7,30,267,73,618,1.6485035419464111,18.798516845703148,71.71287636970638
3944,2014,6,14,8,30,504,95,777,1.624450922012329,22.626397705078148,58.27728550613465
3945,2014,6,14,9,30,722,110,859,1.6417500972747805,25.989984130859398,44.64809668286351
3946,2014,6,14,10,30,897,120,905,1.7033860683441162,28.434960937500023,30.905526683858962
3947,2014,6,14,11,30,1014,126,929,1.750357747077942,30.180841064453148,17.14507839957166
3948,2014,6,14,12,30,1064,128,938,1.7228133678436282,31.292108154296894,4.107915477486372
3949,2014,6,14,13,30,1043,127,933,1.6560977697372437,31.773645019531273,11.25336811736844
3950,2014,6,14,14,30,952,123,913,1.5936694145202637,31.673272705078148,24.94306244152344
3951,2014,6,14,15,30,799,115,876,1.5046947002410889,31.014062500000023,38.70842522971275
3952,2014,6,14,16,30,598,103,811,1.4643595218658447,29.690118408203148,52.39457330645277
3953,2014,6,14,17,30,368,84,696,1.5976417064666748,27.507043457031273,65.92294234610085
3954,2014,6,14,18,30,141,50,484,1.8049720525741575,24.739495849609398,79.20141051063946
3955,2014,6,14,19,30,0,0,0,1.9397597312927248,22.779046630859398,92.0973075920333
3956,2014,6,14,20,30,0,0,0,1.9167494773864744,21.668847656250023,104.39510452790459
3957,2014,6,14,21,30,0,0,0,1.6806825399398804,20.402581787109398,115.73709845188763
3958,2014,6,14,22,30,0,0,0,1.2377159595489502,19.327661132812523,125.51076323326116
3959,2014,6,14,23,30,0,0,0,0.8908939957618713,18.637719726562523,132.72337885012595
3960,2014,6,15,0,30,0,0,0,0.9413082599639891,18.137353515625023,136.08788140285984
3961,2014,6,15,1,30,0,0,0,1.1692028045654297,17.667413330078148,134.73541746753395
3962,2014,6,15,2,30,0,0,0,1.3889416456222534,17.272424316406273,129.0411089372637
3963,2014,6,15,3,30,0,0,0,1.5819690227508545,17.020501708984398,120.2368244875937
3964,2014,6,15,4,30,0,0,0,1.666725754737854,16.789788818359398,109.4832816886643
3965,2014,6,15,5,30,0,0,0,1.6480684280395508,16.782983398437526,97.54658795778
3966,2014,6,15,6,30,49,31,200,1.5687859058380127,17.466516113281273,84.87827644799846
3967,2014,6,15,7,30,259,72,599,1.515342354774475,18.789544677734398,71.74854178367667
3968,2014,6,15,8,30,491,94,756,1.4883922338485718,20.234765625000023,58.317262799833664
3969,2014,6,15,9,30,705,108,838,1.5254181623458862,21.601708984375023,44.69195204706463
3970,2014,6,15,10,30,877,118,885,1.6407266855239868,22.93294677734377,30.953300042566646
3971,2014,6,15,11,30,994,124,910,1.7437760829925537,24.271783447265648,17.198003720854107
3972,2014,6,15,12,30,1045,127,920,1.8181287050247192,25.719995117187523,4.17259735468879
3973,2014,6,15,13,30,1026,126,917,1.8614444732666016,26.999505615234398,11.214637100093768
3974,2014,6,15,14,30,938,122,899,1.931518793106079,27.550408935546894,24.89519639446053
3975,2014,6,15,15,30,790,115,864,2.027076244354248,27.318994140625023,38.65671873657187
3976,2014,6,15,16,30,592,102,801,2.1048645973205566,26.526330566406273,52.340092688024846
3977,2014,6,15,17,30,366,84,689,2.1062779426574707,25.147576904296894,65.86608559525219
3978,2014,6,15,18,30,141,50,480,2.203397035598755,23.305841064453148,79.14239657228293
3979,2014,6,15,19,30,0,0,0,2.472136974334717,21.678247070312523,92.03634357635737
3980,2014,6,15,20,30,0,0,0,2.626062393188477,20.286035156250023,104.33258770246898
3981,2014,6,15,21,30,0,0,0,2.597574234008789,18.935113525390648,115.67394578146164
3982,2014,6,15,22,30,0,0,0,2.41260290145874,17.847009277343773,125.44912338584578
3983,2014,6,15,23,30,0,0,0,2.1210334300994877,16.995843505859398,132.6677329520864
3984,2014,6,16,0,30,0,0,0,1.859194278717041,16.321038818359398,136.0451440524464
3985,2014,6,16,1,30,0,0,0,1.7011260986328125,15.715234375000026,134.7111663255267
3986,2014,6,16,2,30,0,0,0,1.6508841514587402,15.12932739257815,129.0353306686934
3987,2014,6,16,3,30,0,0,0,1.7238905429840088,14.59832153320315,120.24573712570611
3988,2014,6,16,4,30,0,0,0,1.913637399673462,14.16546020507815,109.50290216035087
3989,2014,6,16,5,30,0,0,0,2.0930957794189453,14.338952636718775,97.57398633159396
3990,2014,6,16,6,30,49,32,200,2.1538305282592773,15.789453125000026,84.91150205460673
3991,2014,6,16,7,30,261,72,603,2.137683391571045,18.013574218750023,71.78635391854442
3992,2014,6,16,8,30,494,94,762,2.1404492855072017,20.491845703125023,58.35887110162953
3993,2014,6,16,9,30,709,109,844,2.1994190216064453,23.067681884765648,44.73693215175285
3994,2014,6,16,10,30,883,119,891,2.234149932861328,25.520471191406273,31.001635211311488
3995,2014,6,16,11,30,1000,125,916,2.114487171173096,27.71346435546877,17.250640531992403
3996,2014,6,16,12,30,1051,127,925,1.880153059959412,29.25667724609377,4.232952933150415
3997,2014,6,16,13,30,1031,127,921,1.659459352493286,30.071099853515648,11.1743001186219
3998,2014,6,16,14,30,942,122,902,1.505929708480835,30.239434814453148,24.846880284083085
3999,2014,6,16,15,30,791,115,865,1.4071242809295654,29.69002685546877,38.60518207768824
4000,2014,6,16,16,30,592,102,800,1.3553037643432615,28.350823974609398,52.286305108560136
4001,2014,6,16,17,30,365,84,685,1.5445667505264282,26.280572509765648,65.81044182121988
4002,2014,6,16,18,30,140,50,472,1.9143086671829224,24.068994140625023,79.08515670249112
4003,2014,6,16,19,30,0,0,0,2.172912836074829,22.200463867187523,91.97779231326328
4004,2014,6,16,20,30,0,0,0,2.2776615619659424,20.507043457031273,104.27323623444174
4005,2014,6,16,21,30,0,0,0,2.272418260574341,19.070977783203148,115.61485734896343
4006,2014,6,16,22,30,0,0,0,2.177230834960937,18.108697509765648,125.39258525818263
4007,2014,6,16,23,30,0,0,0,1.9842479228973389,17.546197509765648,132.61821768682742
4008,2014,6,17,0,30,0,0,0,1.7410721778869631,17.194604492187526,136.00916825018186
4009,2014,6,17,1,30,0,0,0,1.494504690170288,16.900354003906273,134.69353995023172
4010,2014,6,17,2,30,0,0,0,1.260783553123474,16.673791503906273,129.0354229142238
4011,2014,6,17,3,30,0,0,0,1.0442509651184082,16.482110595703148,120.25957699446168
4012,2014,6,17,4,30,0,0,0,0.8986086249351501,16.164910888671898,109.52656742284832
4013,2014,6,17,5,30,0,0,0,0.8837118148803711,15.96489868164065,97.60466969412977
4014,2014,6,17,6,30,44,31,152,0.9768517017364502,16.439233398437526,84.9473623550626
4015,2014,6,17,7,30,236,95,451,1.1162772178649902,17.687005615234398,71.82623160445557
4016,2014,6,17,8,30,484,93,745,1.17220938205719,19.331872558593773,58.402022614943064
4017,2014,6,17,9,30,695,108,827,1.1687195301055908,20.854180908203148,44.782942222712315
4018,2014,6,17,10,30,867,118,874,1.1703710556030271,22.297113037109398,31.050428548761147
4019,2014,6,17,11,30,983,124,899,1.1550607681274414,23.796289062500023,17.302870791305867
4020,2014,6,17,12,30,1034,126,909,1.1260050535202026,24.997003173828148,4.288938573029797
4021,2014,6,17,13,30,1015,126,906,1.0583673715591428,25.679803466796894,11.13235735102036
4022,2014,6,17,14,30,694,409,313,0.9942243099212646,25.780999755859398,24.79816770955955
4023,2014,6,17,15,30,584,353,295,1.0083832740783691,25.384820556640648,38.553883483142094
4024,2014,6,17,16,30,153,151,3,1.0613932609558103,24.631250000000023,52.2332854893241
4025,2014,6,17,17,30,240,175,158,1.1243722438812256,23.531610107421894,65.75608940100788
4026,2014,6,17,18,30,13,13,0,1.2734099626541138,22.102136230468773,79.02977065818143
4027,2014,6,17,19,30,0,0,0,1.5040793418884275,20.851739501953148,91.9217329523772
4028,2014,6,17,20,30,0,0,0,1.7462016344070437,19.842980957031273,104.21712609925535
4029,2014,6,17,21,30,0,0,0,1.9215145111083984,18.789422607421894,115.55990212964512
4030,2014,6,17,22,30,0,0,0,1.974994659423828,17.852807617187523,125.34120518811605
4031,2014,6,17,23,30,0,0,0,1.8839364051818848,17.117883300781273,132.57487016839326
4032,2014,6,18,0,30,0,0,0,1.6477093696594238,16.583276367187526,135.97996810667496
4033,2014,6,18,1,30,0,0,0,1.3252930641174316,16.240930175781273,134.68253038151636
4034,2014,6,18,2,30,0,0,0,1.0422488451004028,16.029473876953148,129.04135802482193
4035,2014,6,18,3,30,0,0,0,0.8832912445068359,15.880456542968775,120.27829981690641
4036,2014,6,18,4,30,0,0,0,0.8542261123657227,15.732080078125026,109.55422013409269
4037,2014,6,18,5,30,0,0,0,0.9521814584732056,15.668969726562526,97.63857071081785
4038,2014,6,18,6,30,19,19,0,1.0982584953308103,16.323419189453148,84.98578221863005
4039,2014,6,18,7,30,105,102,10,1.2469443082809448,17.823663330078148,71.86809330155405
4040,2014,6,18,8,30,105,105,0,1.3344496488571167,19.493341064453148,58.44663007307575
4041,2014,6,18,9,30,404,329,106,1.352817177772522,21.080529785156273,44.82988922072052
4042,2014,6,18,10,30,648,379,313,1.3305819034576416,22.558618164062523,31.099580091401787
4043,2014,6,18,11,30,979,124,896,1.2194217443466189,23.665307617187523,17.35458458372746
4044,2014,6,18,12,30,730,461,269,1.0072567462921145,24.335168457031273,4.340529602648147
4045,2014,6,18,13,30,329,301,27,0.7192567586898804,24.46859130859377,11.088820259687523
4046,2014,6,18,14,30,804,333,519,0.523412823677063,24.023431396484398,24.749117787001783
4047,2014,6,18,15,30,596,340,327,0.4936414062976837,23.223565673828148,38.50289440798789
4048,2014,6,18,16,30,206,198,13,0.5682706832885742,22.258111572265648,52.18111062002489
4049,2014,6,18,17,30,324,129,474,0.7774226665496826,21.353875732421894,65.70310757848625
4050,2014,6,18,18,30,101,72,148,1.0461496114730835,20.260034179687523,78.97631821905891
4051,2014,6,18,19,30,0,0,0,1.29815411567688,19.103326416015648,91.86824389936814
4052,2014,6,18,20,30,0,0,0,1.5534217357635498,18.169427490234398,104.1643318188159
4053,2014,6,18,21,30,0,0,0,1.7035880088806152,17.408837890625026,115.50914703499649
4054,2014,6,18,22,30,0,0,0,1.6924879550933838,16.972589111328148,125.29503706416334
4055,2014,6,18,23,30,0,0,0,1.5715879201889038,16.692498779296898,132.53772503616457
4056,2014,6,19,0,30,0,0,0,1.376304030418396,16.419976806640648,135.95755540385696
4057,2014,6,19,1,30,0,0,0,1.1441830396652222,16.289788818359398,134.67812720134827
4058,2014,6,19,2,30,0,0,0,0.8936647176742554,16.243096923828148,129.05310566888346
4059,2014,6,19,3,30,0,0,0,0.646440327167511,16.109277343750026,120.30185870586132
4060,2014,6,19,4,30,0,0,0,0.4760181903839111,15.94109497070315,109.58580071790405
4061,2014,6,19,5,30,0,0,0,0.5141087770462036,15.908654785156275,97.6756203679243
4062,2014,6,19,6,30,43,26,185,0.6454863548278809,16.627984619140648,85.02668965032845
4063,2014,6,19,7,30,232,96,435,0.7013501524925232,18.194726562500023,71.91185720837308
4064,2014,6,19,8,30,291,232,113,0.6922415494918823,19.847711181640648,58.49260685541255
4065,2014,6,19,9,30,602,236,516,0.6080001592636108,21.431878662109398,44.877681959389975
4066,2014,6,19,10,30,864,118,871,0.4759511947631836,23.020745849609398,31.14899365600752
4067,2014,6,19,11,30,979,124,896,0.4149897992610931,24.068750000000023,17.405680108222924
4068,2014,6,19,12,30,1030,126,906,0.4772363901138306,24.470117187500023,4.387719092568902
4069,2014,6,19,13,30,800,378,430,0.5375920534133911,24.451409912109398,11.043711781472778
4070,2014,6,19,14,30,448,397,56,0.5040760040283203,23.955255126953148,24.699795135179787
4071,2014,6,19,15,30,281,264,22,0.3403164744377136,23.152612304687523,38.45228946257475
4072,2014,6,19,16,30,454,258,319,0.2313404232263565,22.146997070312523,52.12985906884821
4073,2014,6,19,17,30,146,142,8,0.4456188976764679,21.047326660156273,65.65157636711932
4074,2014,6,19,18,30,30,30,0,0.8673101663589478,19.813928222656273,78.92487909052947
4075,2014,6,19,19,30,0,0,0,1.2667202949523926,18.711816406250023,91.81740272534877
4076,2014,6,19,20,30,0,0,0,1.5816659927368164,17.936395263671898,104.11492638391134
4077,2014,6,19,21,30,0,0,0,1.7963697910308838,17.293176269531273,115.46265685501442
4078,2014,6,19,22,30,0,0,0,1.920764684677124,16.868432617187526,125.25413229176563
4079,2014,6,19,23,30,0,0,0,1.947487235069275,16.548303222656273,132.50681444067945
4080,2014,6,20,0,30,0,0,0,1.8499441146850584,16.232415771484398,135.9419395900934
4081,2014,6,20,1,30,0,0,0,1.6503422260284424,16.009454345703148,134.6803175372127
4082,2014,6,20,2,30,0,0,0,1.363517165184021,15.8691345214844,129.07063285130437
4083,2014,6,20,3,30,0,0,0,1.1130592823028564,15.72808227539065,120.33020420468976
4084,2014,6,20,4,30,0,0,0,1.116986870765686,15.52007446289065,109.62124742702898
4085,2014,6,20,5,30,0,0,0,1.3610122203826904,15.3530212402344,97.71574805455359
4086,2014,6,20,6,30,4,4,0,1.6944669485092163,15.803247070312526,85.06999912945926
4087,2014,6,20,7,30,24,24,0,1.9994051456451416,17.157556152343773,71.95744136925592
4088,2014,6,20,8,30,245,216,55,2.072072982788086,19.045190429687523,58.53986710091448
4089,2014,6,20,9,30,352,309,61,1.8831143379211424,20.995233154296894,44.92623121790638
4090,2014,6,20,10,30,696,325,433,1.6593296527862549,22.741967773437523,31.198576933474694
4091,2014,6,20,11,30,221,199,22,1.6012091636657717,23.690850830078148,17.45606365352759
4092,2014,6,20,12,30,490,434,56,1.689726948738098,23.484399414062523,4.43051694265921
4093,2014,6,20,13,30,633,478,157,1.7646195888519287,22.763604736328148,10.997066531030766
4094,2014,6,20,14,30,781,324,502,1.8299322128295896,21.931207275390648,24.650269854092286
4095,2014,6,20,15,30,664,265,509,1.897085428237915,20.947839355468773,38.4021463369507
4096,2014,6,20,16,30,104,104,0,1.9155931472778318,19.853875732421894,52.07961108854993
4097,2014,6,20,17,30,7,7,0,1.9048912525177,18.643914794921894,65.60157645047296
4098,2014,6,20,18,30,71,71,0,1.9669429063797,17.486688232421898,78.87553280585033
4099,2014,6,20,19,30,0,0,0,2.1403517723083496,16.710931396484398,91.76928607668782
4100,2014,6,20,20,30,0,0,0,2.222122430801392,16.261376953125026,104.06898117788064
4101,2014,6,20,21,30,0,0,0,2.1489081382751465,15.922875976562526,115.42049420209752
4102,2014,6,20,22,30,0,0,0,2.057193756103516,15.622338867187526,125.21853976097456
4103,2014,6,20,23,30,0,0,0,1.9799160957336424,15.351281738281275,132.48216803067106
4104,2014,6,21,0,30,0,0,0,1.8938245773315432,15.111840820312526,135.93312777679196
4105,2014,6,21,1,30,0,0,0,1.788862228393555,14.894067382812526,134.68908606692787
4106,2014,6,21,2,30,0,0,0,1.7255194187164309,14.73626098632815,129.0939039338133
4107,2014,6,21,3,30,0,0,0,1.7390917539596558,14.654931640625026,120.36328432960673
4108,2014,6,21,4,30,0,0,0,1.7629077434539795,14.5674987792969,109.66049640773764
4109,2014,6,21,5,30,0,0,0,1.7230700254440308,14.577905273437526,97.75888164584984
4110,2014,6,21,6,30,40,26,167,1.600799560546875,15.267358398437526,85.11563698012355
4111,2014,6,21,7,30,224,100,400,1.3361196517944336,16.811547851562526,72.00476378063591
4112,2014,6,21,8,30,381,211,325,0.8783653974533081,18.630456542968773,58.58832581876179
4113,2014,6,21,9,30,689,108,820,0.4356954097747803,20.679925537109398,44.97544984864015
4114,2014,6,21,10,30,859,118,866,0.24994036555290225,22.747460937500023,31.2482415740863
4115,2014,6,21,11,30,974,124,891,0.27239736914634705,24.314874267578148,17.505649564016426
4116,2014,6,21,12,30,879,388,492,0.3751955926418304,24.933465576171894,4.4689492388464345
4117,2014,6,21,13,30,558,463,96,0.4932556748390198,24.384332275390648,10.948931017399476
4118,2014,6,21,14,30,531,432,109,0.5821059346199036,23.445733642578148,24.600617495950843
4119,2014,6,21,15,30,246,232,18,0.6779850721359253,22.331536865234398,38.35254571954125
4120,2014,6,21,16,30,272,247,40,0.7907642126083374,21.012170410156273,52.03044851880272
4121,2014,6,21,17,30,122,122,0,0.8117644786834717,19.733422851562523,65.55318908062829
4122,2014,6,21,18,30,57,57,0,0.7505960464477539,18.636651611328148,78.82835862748257
4123,2014,6,21,19,30,0,0,0,0.7088335156440735,17.807183837890648,91.7239695850953
4124,2014,6,21,20,30,0,0,0,0.7011935710906982,17.198205566406273,104.02656590147458
4125,2014,6,21,21,30,0,0,0,0.7388513684272766,16.834710693359398,115.38271945647399
4126,2014,6,21,22,30,0,0,0,0.8206216096878052,16.579736328125026,125.18830581558477
4127,2014,6,21,23,30,0,0,0,0.9176613092422484,16.343743896484398,132.46381294142608
4128,2014,6,22,0,30,0,0,0,0.980918288230896,16.050653076171898,135.9311247365131
4129,2014,6,22,1,30,0,0,0,0.9883322715759276,15.6780944824219,134.70441502488708
4130,2014,6,22,2,30,0,0,0,1.0100729465484621,15.3415466308594,129.12288065675892
4131,2014,6,22,3,30,0,0,0,1.0651578903198242,15.077600097656275,120.4010446136072
4132,2014,6,22,4,30,0,0,0,1.0747544765472412,14.83989868164065,109.70348176593711
4133,2014,6,22,5,30,0,0,0,1.0703697204589844,14.878320312500026,97.8049475872298
4134,2014,6,22,6,30,45,25,233,1.1225180625915527,15.664880371093775,85.1635245693194
4135,2014,6,22,7,30,251,71,583,1.213735818862915,16.831079101562526,72.05374249634279
4136,2014,6,22,8,30,481,94,743,1.2405433654785156,18.055139160156273,58.63789899630787
4137,2014,6,22,9,30,693,109,826,1.126471996307373,19.632165527343773,45.02525287965561
4138,2014,6,22,10,30,865,119,873,0.8851603269577026,21.623895263671894,31.29790326472056
4139,2014,6,22,11,30,982,125,898,0.5639761686325073,23.922143554687523,17.55436019714361
4140,2014,6,22,12,30,883,413,471,0.2936978340148926,26.043878173828148,4.503057845269822
4141,2014,6,22,13,30,1016,127,905,0.2816245853900909,27.387689208984398,10.8993638738354
4142,2014,6,22,14,30,931,123,888,0.4308327436447144,27.940667724609398,24.550919027903088
4143,2014,6,22,15,30,785,115,853,0.5260588526725769,27.645501708984398,38.303571209586
4144,2014,6,22,16,30,590,103,790,0.6340208053588867,26.255609130859398,51.982454684679105
4145,2014,6,22,17,30,366,85,677,0.8031484484672546,24.384484863281273,65.50649597454327
4146,2014,6,22,18,30,143,52,465,1.0259232521057131,22.842706298828148,78.78343544801827
4147,2014,6,22,19,30,0,0,0,1.324955701828003,21.573999023437523,91.68152777842779
4148,2014,6,22,20,30,0,0,0,1.6452184915542605,20.196527099609398,103.98774849901315
4149,2014,6,22,21,30,0,0,0,1.885304927825928,18.866479492187523,115.34939071326508
4150,2014,6,22,22,30,0,0,0,2.022460699081421,17.870233154296898,125.16347422375686
4151,2014,6,22,23,30,0,0,0,2.0559523105621342,17.223901367187526,132.4517737845225
4152,2014,6,23,0,30,0,0,0,2.005746364593506,16.858453369140648,135.93593290260097
4153,2014,6,23,1,30,0,0,0,1.938490629196167,16.608270263671898,134.72628420965134
4154,2014,6,23,2,30,0,0,0,1.8668079376220703,16.408349609375026,129.1575221621533
4155,2014,6,23,3,30,0,0,0,1.778067111968994,16.291192626953148,120.44342815192232
4156,2014,6,23,4,30,0,0,0,1.6885311603546145,16.233178710937526,109.75013563478944
4157,2014,6,23,5,30,0,0,0,1.5491986274719238,16.309350585937526,97.85387097947391
4158,2014,6,23,6,30,19,19,0,1.3199822902679443,17.001763916015648,85.21358263353085
4159,2014,6,23,7,30,110,104,17,0.9980125427246094,18.600091552734398,72.10429573131648
4160,2014,6,23,8,30,333,230,198,0.7340828776359558,20.567529296875023,58.688503703891385
4161,2014,6,23,9,30,524,307,307,0.7982608675956726,22.183007812500023,45.075557612159855
4162,2014,6,23,10,30,708,302,474,1.0431259870529177,23.222558593750023,31.34748179825581
4163,2014,6,23,11,30,838,365,495,1.244307279586792,23.722863769531273,17.602125873815027
4164,2014,6,23,12,30,849,352,498,1.4776794910430908,23.688104248046894,4.532900204520316
4165,2014,6,23,13,30,1006,127,895,1.73107647895813,23.272332763671894,10.84843610030228
4166,2014,6,23,14,30,743,342,440,1.953643560409546,22.698632812500023,24.501260786166227
4167,2014,6,23,15,30,308,286,28,2.1308870315551762,21.923730468750023,38.2553092235525
4168,2014,6,23,16,30,84,84,0,2.1710162162780757,20.879327392578148,51.93571429145349
4169,2014,6,23,17,30,127,127,0,1.9990903139114382,19.791162109375023,65.46157920860965
4170,2014,6,23,18,30,79,74,26,1.78363299369812,18.776116943359398,78.74084169045443
4171,2014,6,23,19,30,0,0,0,1.655608892440796,17.990686035156273,91.64203399197395
4172,2014,6,23,20,30,0,0,0,1.521636724472046,17.503564453125026,103.95259508592152
4173,2014,6,23,21,30,0,0,0,1.4000601768493652,17.144525146484398,115.3205637311222
4174,2014,6,23,22,30,0,0,0,1.391732931137085,16.881951904296898,125.14408615007083
4175,2014,6,23,23,30,0,0,0,1.4360735416412354,16.749475097656273,132.44607263883788
4176,2014,6,24,0,30,0,0,0,1.4597594738006592,16.678186035156273,135.94755237032075
4177,2014,6,24,1,30,0,0,0,1.4842523336410522,16.564508056640648,134.75467099293036
4178,2014,6,24,2,30,0,0,0,1.4569258689880369,16.428277587890648,129.19778501801466
4179,2014,6,24,3,30,0,0,0,1.3287148475646973,16.197290039062526,120.49037564895308
4180,2014,6,24,4,30,0,0,0,1.1591503620147705,15.9301696777344,109.8003882437983
4181,2014,6,24,5,30,0,0,0,0.9572596549987792,15.91692504882815,97.90557566477116
4182,2014,6,24,6,30,21,21,0,0.7433940172195435,16.337731933593773,85.2657313758508
4183,2014,6,24,7,30,120,110,31,0.5913933515548706,17.523797607421898,72.15634196420244
4184,2014,6,24,8,30,353,223,251,0.4765641987323761,19.190911865234398,58.74005819679085
4185,2014,6,24,9,30,495,320,247,0.3708587884902954,21.025842285156273,45.126283712904126
4186,2014,6,24,10,30,858,119,865,0.2747446596622467,22.881463623046894,31.396901135640697
4187,2014,6,24,11,30,975,125,891,0.22020554542541504,24.463311767578148,17.64888482299729
4188,2014,6,24,12,30,330,301,28,0.256314754486084,25.796990966796894,4.5585493248216125
4189,2014,6,24,13,30,573,468,105,0.3704497814178467,26.36654052734377,10.796231317369873
4190,2014,6,24,14,30,524,431,102,0.4774945378303528,25.886743164062523,24.45173442074976
4191,2014,6,24,15,30,374,334,51,0.5746173858642578,24.739709472656273,38.20784889529241
4192,2014,6,24,16,30,274,248,41,0.6310939788818359,23.401055908203148,51.890313315654325
4193,2014,6,24,17,30,200,171,69,0.6047688722610474,22.253045654296894,65.41852111126208
4194,2014,6,24,18,30,120,67,268,0.5664617419242859,20.912011718750023,78.7006552082133
4195,2014,6,24,19,30,0,0,0,0.5424582362174988,19.547998046875023,91.60556028054779
4196,2014,6,24,20,30,0,0,0,0.5486463308334351,18.570733642578148,103.92116987766657
4197,2014,6,24,21,30,0,0,0,0.5625783205032349,17.866296386718773,115.29629188261599
4198,2014,6,24,22,30,0,0,0,0.6340365409851074,17.483514404296898,125.13018012914243
4199,2014,6,24,23,30,0,0,0,0.7438169717788696,17.261102294921898,132.446729042975
4200,2014,6,25,0,30,0,0,0,0.8294064998626709,17.069665527343773,135.96598089951522
4201,2014,6,25,1,30,0,0,0,0.9549140334129332,16.818658447265648,134.78955032990862
4202,2014,6,25,2,30,0,0,0,1.143559455871582,16.556726074218773,129.24362324404552
4203,2014,6,25,3,30,0,0,0,1.3860366344451904,16.321618652343773,120.54182546677224
4204,2014,6,25,4,30,0,0,0,1.621190309524536,16.148339843750026,109.85416798915432
4205,2014,6,25,5,30,0,0,0,1.7793985605239868,16.171197509765648,97.95998431346253
4206,2014,6,25,6,30,27,24,40,1.7618652582168581,16.544427490234398,85.31989056289031
4207,2014,6,25,7,30,160,123,121,1.5876796245574951,17.350732421875026,72.20980003829565
4208,2014,6,25,8,30,160,155,10,1.4043068885803225,18.633050537109398,58.792482014064255
4209,2014,6,25,9,30,302,276,37,1.3179556131362915,20.322290039062523,45.17735330164259
4210,2014,6,25,10,30,508,406,119,1.3187272548675537,22.108209228515648,31.446089460767737
4211,2014,6,25,11,30,696,437,272,1.2781820297241209,23.699914550781273,17.694583121413576
4212,2014,6,25,12,30,879,393,487,1.1287864446640017,24.903039550781273,4.58009393715308
4213,2014,6,25,13,30,936,369,577,0.8989396095275879,25.514093017578148,10.74284603000382
4214,2014,6,25,14,30,924,124,878,0.705697774887085,25.329827880859398,24.402436830219568
4215,2014,6,25,15,30,648,286,459,0.6145418286323547,24.421105957031273,38.161281969730524
4216,2014,6,25,16,30,85,85,0,0.6428634524345398,23.147485351562523,51.84633889251469
4217,2014,6,25,17,30,7,7,0,0.6969280242919922,21.831628417968773,65.37740415407211
4218,2014,6,25,18,30,64,64,0,0.7150747776031494,20.654260253906273,78.66295318494791
4219,2014,6,25,19,30,0,0,0,0.7702134847640991,19.511407470703148,91.57217733136216
4220,2014,6,25,20,30,0,0,0,0.8343809843063354,18.458764648437523,103.89353512021624
4221,2014,6,25,21,30,0,0,0,0.8764823675155641,17.635919189453148,115.27662610627415
4222,2014,6,25,22,30,0,0,0,0.9562269449234008,17.096459960937526,125.12179204072987
4223,2014,6,25,23,30,0,0,0,1.0530850887298584,16.824639892578148,132.4537599890404
4224,2014,6,26,0,30,0,0,0,1.169889211654663,16.620538330078148,135.99121391878114
4225,2014,6,26,1,30,0,0,0,1.3430757522583008,16.432183837890648,134.83089477088913
4226,2014,6,26,2,30,0,0,0,1.4361190795898438,16.263543701171898,129.29498833854234
4227,2014,6,26,3,30,0,0,0,1.4098130464553833,16.126641845703148,120.59771367501419
4228,2014,6,26,4,30,0,0,0,1.3639543056488037,15.989709472656275,109.91140150548073
4229,2014,6,26,5,30,0,0,0,1.3371725082397459,15.92998657226565,98.01701851143874
4230,2014,6,26,6,30,20,20,0,1.326509952545166,16.335351562500026,85.37597962117691
4231,2014,6,26,7,30,120,110,32,1.4365850687026978,17.233453369140648,72.26458926086735
4232,2014,6,26,8,30,207,192,29,1.6893863677978516,18.192895507812523,58.84569607420646
4233,2014,6,26,9,30,389,322,95,1.8967089653015137,18.888238525390648,45.228691033636586
4234,2014,6,26,10,30,585,402,215,1.963753700256348,19.736047363281273,31.49497922864875
4235,2014,6,26,11,30,798,333,487,1.955142617225647,20.894036865234398,17.73917462934054
4236,2014,6,26,12,30,131,123,8,1.9455188512802124,21.840600585937523,4.597638808887184
4237,2014,6,26,13,30,789,398,398,1.9645068645477293,22.326043701171894,10.688389899037515
4238,2014,6,26,14,30,765,318,490,1.978305101394653,22.083673095703148,24.35347008584371
4239,2014,6,26,15,30,675,256,531,1.983610272407532,21.293237304687523,38.115702690141056
4240,2014,6,26,16,30,407,279,207,1.9474968910217283,20.451470947265648,51.80387919985219
4241,2014,6,26,17,30,234,177,137,1.8244719505310056,19.710290527343773,65.33831084117952
4242,2014,6,26,18,30,59,59,0,1.716897964477539,18.881188964843773,78.62781203426039
4243,2014,6,26,19,30,0,0,0,1.7543396949768066,18.143701171875023,91.54195437798172
4244,2014,6,26,20,30,0,0,0,1.9809317588806152,17.603479003906273,103.86975102209591
4245,2014,6,26,21,30,0,0,0,2.292614459991455,17.116326904296898,115.26161486042132
4246,2014,6,26,22,30,0,0,0,2.5471057891845703,16.762109375000026,125.11895508638436
4247,2014,6,26,23,30,0,0,0,2.7020270824432373,16.446008300781273,132.46717991781577
4248,2014,6,27,0,30,0,0,0,2.7879209518432617,16.091455078125026,136.02324453114798
4249,2014,6,27,1,30,0,0,0,2.842129230499268,15.70928344726565,134.87867447420692
4250,2014,6,27,2,30,0,0,0,2.7845232486724854,15.38372192382815,129.35182930649674
4251,2014,6,27,3,30,0,0,0,2.608327388763428,15.079736328125026,120.65797410222021
4252,2014,6,27,4,30,0,0,0,2.456381320953369,14.766381835937526,109.97201373879022
4253,2014,6,27,5,30,0,0,0,2.3293044567108154,14.751855468750026,98.07659884813499
4254,2014,6,27,6,30,2,2,0,2.113120079040528,15.4403015136719,85.4339177332044
4255,2014,6,27,7,30,12,12,0,1.885050058364868,16.716882324218773,72.32062950076556
4256,2014,6,27,8,30,106,106,0,1.6962791681289673,18.082879638671894,58.89962276761357
4257,2014,6,27,9,30,362,312,71,1.524686574935913,19.280053710937523,45.28022417725381
4258,2014,6,27,10,30,334,308,30,1.4524991512298584,20.329888916015648,31.543507207035578
4259,2014,6,27,11,30,271,247,25,1.49611496925354,21.096337890625023,17.782620923177628
4260,2014,6,27,12,30,315,287,28,1.5874062776565552,21.527093505859398,4.611305203239
4261,2014,6,27,13,30,542,458,85,1.6787748336791992,21.567895507812523,10.632986017152476
4262,2014,6,27,14,30,820,336,530,1.8056048154830933,21.203302001953148,24.304941344494228
4263,2014,6,27,15,30,176,167,11,1.959229111671448,20.528222656250023,38.0712076789501
4264,2014,6,27,16,30,293,259,53,2.064199924468994,19.679223632812523,51.76302333848058
4265,2014,6,27,17,30,288,163,299,2.088083028793335,18.853234863281273,65.30132359734196
4266,2014,6,27,18,30,62,62,0,2.145942211151123,17.969964599609398,78.59530729939067
4267,2014,6,27,19,30,0,0,0,2.266875028610229,17.265954589843773,91.51495911516243
4268,2014,6,27,20,30,0,0,0,2.3851609230041504,16.808404541015648,103.84987568808901
4269,2014,6,27,21,30,0,0,0,2.4058117866516118,16.384484863281273,115.25130407875784
4270,2014,6,27,22,30,0,0,0,2.2675843238830566,15.996667480468775,125.12169976763892
4271,2014,6,27,23,30,0,0,0,2.0887246131896973,15.64519653320315,132.4870007153124
4272,2014,6,28,0,30,0,0,0,1.9446887969970703,15.306604003906275,136.06206352125602
4273,2014,6,28,1,30,0,0,0,1.8531651496887207,14.99212036132815,134.93285722044135
4274,2014,6,28,2,30,0,0,0,1.8047242164611816,14.780908203125026,129.41409268897746
4275,2014,6,28,3,30,0,0,0,1.6869070529937744,14.701928710937526,120.72253838854893
4276,2014,6,28,4,30,0,0,0,1.440065622329712,14.69011840820315,110.03592802061188
4277,2014,6,28,5,30,0,0,0,1.1839187145233154,14.741357421875026,98.13864500505066
4278,2014,6,28,6,30,5,5,0,1.1121063232421875,15.309960937500026,85.49362393291705
4279,2014,6,28,7,30,35,35,0,1.303428053855896,16.924707031250026,72.3778412842787
4280,2014,6,28,8,30,95,95,0,1.5080020427703855,19.073205566406273,58.954186045882
4281,2014,6,28,9,30,393,324,98,1.5289297103881836,21.105615234375023,45.33188268679118
4282,2014,6,28,10,30,608,396,249,1.4543023109436035,22.930474853515648,31.59161451190131
4283,2014,6,28,11,30,641,458,192,1.3543388843536377,24.121881103515648,17.824891225407924
4284,2014,6,28,12,30,825,356,469,1.2531083822250366,24.408105468750023,4.621231475298258
4285,2014,6,28,13,30,763,424,344,1.2136871814727783,23.988458251953148,10.576771185686868
4286,2014,6,28,14,30,923,126,875,1.1508541107177734,23.27108154296877,24.256962749370004
4287,2014,6,28,15,30,428,361,85,0.9540083408355712,22.537957763671894,38.027895811790415
4288,2014,6,28,16,30,418,277,226,0.7876762151718141,21.804925537109398,51.72386120928545
4289,2014,6,28,17,30,33,33,0,0.7803648710250854,21.089562988281273,65.26652465472746
4290,2014,6,28,18,30,37,37,0,0.9271376729011536,19.983056640625023,78.56551355312115
4291,2014,6,28,19,30,0,0,0,1.2303383350372314,18.848016357421894,91.4912576149227
4292,2014,6,28,20,30,0,0,0,1.5096516609191897,18.131402587890648,103.83396505454313
4293,2014,6,28,21,30,0,0,0,1.5586497783660889,17.603021240234398,115.24573712776757
4294,2014,6,28,22,30,0,0,0,1.4545071125030518,17.212121582031273,125.13005386579107
4295,2014,6,28,23,30,0,0,0,1.3171944618225098,16.765832519531273,132.5132317107613
4296,2014,6,29,0,30,0,0,0,1.165092706680298,16.461480712890648,136.10765936402453
4297,2014,6,29,1,30,0,0,0,1.0841476917266846,16.386956787109398,134.99340842782186
4298,2014,6,29,2,30,0,0,0,1.0369584560394287,16.254541015625026,129.48172259361942
4299,2014,6,29,3,30,0,0,0,0.8733588457107544,16.058190917968773,120.79133603988024
4300,2014,6,29,4,30,0,0,0,0.6683319807052612,15.83440551757815,110.1030661432851
4301,2014,6,29,5,30,0,0,0,0.6525115966796875,15.833337402343775,98.20307584459023
4302,2014,6,29,6,30,29,23,67,0.8862841129302979,16.517724609375026,85.55501720041731
4303,2014,6,29,7,30,176,119,187,1.2012087106704712,17.901269531250023,72.4361458890568
4304,2014,6,29,8,30,204,190,27,1.3868114948272705,19.684960937500023,59.00931150779449
4305,2014,6,29,9,30,324,291,47,1.4333239793777466,21.601220703125023,45.38359927057638
4306,2014,6,29,10,30,778,309,551,1.450732707977295,22.778039550781273,31.6392466369795
4307,2014,6,29,11,30,886,381,530,1.4546974897384644,23.024133300781273,17.865962332344907
4308,2014,6,29,12,30,938,411,528,1.468942642211914,23.03133544921877,4.627573796299899
4309,2014,6,29,13,30,869,385,492,1.4465434551239014,22.90096435546877,10.519896187582093
4310,2014,6,29,14,30,925,126,876,1.3264589309692385,22.600152587890648,24.20965131807013
4311,2014,6,29,15,30,529,373,198,1.208641767501831,22.068841552734398,37.98586808501442
4312,2014,6,29,16,30,461,260,324,1.1712160110473633,21.209008789062523,51.686483386958564
4313,2014,6,29,17,30,307,153,366,1.2215303182601929,20.063439941406273,65.23399593853323
4314,2014,6,29,18,30,45,45,0,1.3352820873260498,18.924066162109398,78.5385042979746
4315,2014,6,29,19,30,0,0,0,1.4396564960479736,17.981530761718773,91.47091424389501
4316,2014,6,29,20,30,0,0,0,1.559821605682373,17.265313720703148,103.82207282661317
4317,2014,6,29,21,30,0,0,0,1.689972162246704,16.738122558593773,115.2449547659214
4318,2014,6,29,22,30,0,0,0,1.7240530252456665,16.302270507812526,125.1440424231792
4319,2014,6,29,23,30,0,0,0,1.6273863315582275,15.9167419433594,132.5458796759159
4320,2014,6,30,0,30,0,0,0,1.453837752342224,15.567712402343775,136.16001823478518
4321,2014,6,30,1,30,0,0,0,1.2451720237731934,15.199304199218775,135.06029116883428
4322,2014,6,30,2,30,0,0,0,0.9973903298377992,14.85576782226565,129.55466072628002
4323,2014,6,30,3,30,0,0,0,0.7579981088638306,14.632104492187526,120.8642944832285
4324,2014,6,30,4,30,0,0,0,0.6338814496994019,14.452661132812526,110.17334843630695
4325,2014,6,30,5,30,0,0,0,0.6389223337173462,14.5580993652344,98.26980949929022
4326,2014,6,30,6,30,12,12,0,0.7936452031135559,15.399438476562526,85.61801655604661
4327,2014,6,30,7,30,77,77,0,1.1966718435287476,16.924371337890648,72.4954654360727
4328,2014,6,30,8,30,182,173,17,1.598816156387329,18.662469482421894,59.064926481973494
4329,2014,6,30,9,30,421,329,131,1.7387936115264893,20.289483642578148,45.43530945433882
4330,2014,6,30,10,30,488,401,102,1.7582120895385742,21.854547119140648,31.68635347769311
4331,2014,6,30,11,30,552,453,104,1.7740538120269775,23.200311279296894,17.905818540179666
4332,2014,6,30,12,30,731,461,271,1.7760648727416992,23.930963134765648,4.630506998110661
4333,2014,6,30,13,30,674,474,204,1.725232481956482,23.816674804687523,10.462526050626463
4334,2014,6,30,14,30,570,442,140,1.6421117782592771,22.932122802734398,24.16312881710374
4335,2014,6,30,15,30,571,361,266,1.6079120635986328,21.681726074218773,37.94522747651649
4336,2014,6,30,16,30,293,260,52,1.592015504837036,20.390466308593773,51.65098099072653
4337,2014,6,30,17,30,214,176,90,1.5439600944519043,19.149438476562523,65.20381895164718
4338,2014,6,30,18,30,83,76,37,1.517403244972229,18.068017578125023,78.51435186687068
4339,2014,6,30,19,30,0,0,0,1.5607080459594729,17.197961425781273,91.45399158195869
4340,2014,6,30,20,30,0,0,0,1.6840043067932131,16.512109375000026,103.81425041720742
4341,2014,6,30,21,30,0,0,0,1.8355928659439087,16.012170410156273,115.2489951048138
4342,2014,6,30,22,30,0,0,0,1.9605576992034912,15.633996582031275,125.1636877261286
4343,2014,6,30,23,30,0,0,0,2.0745339393615723,15.304589843750026,132.58494882585978
4344,2014,7,1,0,30,0,0,0,2.1670396327972408,14.9934020996094,136.21912402087221
4345,2014,7,1,1,30,0,0,0,2.179005622863769,14.737329101562526,135.1334661879871
4346,2014,7,1,2,30,0,0,0,2.1223163604736333,14.599023437500026,129.63284642382362
4347,2014,7,1,3,30,0,0,0,2.0392346382141118,14.4948669433594,120.94133912341422
4348,2014,7,1,4,30,0,0,0,1.960523009300232,14.367578125000026,110.2466938436103
4349,2014,7,1,5,30,0,0,0,1.9085645675659182,14.347375488281275,98.33876346118635
4350,2014,7,1,6,30,29,23,77,1.8783270120620728,14.777001953125026,85.68254115349616
4351,2014,7,1,7,30,182,117,219,1.917137026786804,15.7841735839844,72.55572297952256
4352,2014,7,1,8,30,389,198,372,1.956676959991455,17.067681884765648,59.120960106297254
4353,2014,7,1,9,30,610,230,540,1.9102529287338257,18.621179199218773,45.4869516400373
4354,2014,7,1,10,30,724,308,489,1.806485891342163,20.207666015625023,31.73288934957619
4355,2014,7,1,11,30,795,348,469,1.6842944622039795,21.430352783203148,17.944451569279565
4356,2014,7,1,12,30,845,369,477,1.5939902067184448,22.140679931640648,4.630225528360271
4357,2014,7,1,13,30,857,383,481,1.5384438037872314,22.243615722656273,10.40484029429632
4358,2014,7,1,14,30,931,128,879,1.4975658655166626,21.775903320312523,24.11752162211781
4359,2014,7,1,15,30,713,256,579,1.512559175491333,20.962976074218773,37.90607879973732
4360,2014,7,1,16,30,545,172,601,1.6525055170059204,19.961419677734398,51.61744555200335
4361,2014,7,1,17,30,336,131,487,1.801874756813049,18.708520507812523,65.17607465854543
4362,2014,7,1,18,30,133,64,343,1.8947749137878416,17.427850341796898,78.49312732436037
4363,2014,7,1,19,30,0,0,0,1.9729613065719604,16.517327880859398,91.4405503424585
4364,2014,7,1,20,30,0,0,0,2.0235090255737305,15.9753356933594,103.81054688787823
4365,2014,7,1,21,30,0,0,0,2.03612756729126,15.6003356933594,115.25789357212109
4366,2014,7,1,22,30,0,0,0,1.9952733516693115,15.336755371093775,125.1890092893515
4367,2014,7,1,23,30,0,0,0,2.0024337768554688,15.111108398437526,132.63044082110372
4368,2014,7,2,0,30,0,0,0,2.099819660186768,14.8804870605469,136.28495833464063
4369,2014,7,2,1,30,0,0,0,2.138683795928955,14.665246582031275,135.2128919206643
4370,2014,7,2,2,30,0,0,0,2.022759199142456,14.50335083007815,129.71621668794836
4371,2014,7,2,3,30,0,0,0,1.8213202953338623,14.3607116699219,121.02239340108528
4372,2014,7,2,4,30,0,0,0,1.6375999450683594,14.1815124511719,110.32302000198187
4373,2014,7,2,5,30,0,0,0,1.4430993795394895,14.1661315917969,98.40985467143696
4374,2014,7,2,6,30,10,10,0,1.2430744171142578,14.74920043945315,85.74851037201775
4375,2014,7,2,7,30,67,67,0,1.112931728363037,16.276147460937526,72.61684259457067
4376,2014,7,2,8,30,208,192,30,0.9719891548156738,18.405206298828148,59.177343403834314
4377,2014,7,2,9,30,588,238,499,0.7654870748519897,20.487725830078148,45.53846716013349
4378,2014,7,2,10,30,857,123,863,0.549466073513031,22.262353515625023,31.77881300158052
4379,2014,7,2,11,30,976,130,889,0.35992854833602905,23.706567382812523,17.981860487216565
4380,2014,7,2,12,30,699,477,222,0.2462517321109772,24.766595458984398,4.6269445056531575
4381,2014,7,2,13,30,333,306,27,0.28263789415359497,25.065972900390648,10.347033152089095
4382,2014,7,2,14,30,278,258,22,0.55970299243927,24.208673095703148,24.072960563189604
4383,2014,7,2,15,30,699,261,554,1.0291984081268308,22.731500244140648,37.8685285511942
4384,2014,7,2,16,30,197,190,11,1.5805457830429075,21.297235107421894,51.58596887920145
4385,2014,7,2,17,30,254,178,180,2.0315570831298833,19.804559326171894,65.15084336842973
4386,2014,7,2,18,30,73,73,0,2.336766481399536,18.331628417968773,78.47490036854697
4387,2014,7,2,19,30,0,0,0,2.611109733581543,17.122033691406273,91.43064929386014
4388,2014,7,2,20,30,0,0,0,2.8166537284851074,16.235894775390648,103.81100889172394
4389,2014,7,2,21,30,0,0,0,2.88272476196289,15.618859863281275,115.2716828765242
4390,2014,7,2,22,30,0,0,0,2.7758536338806152,15.17534790039065,125.2200238420472
4391,2014,7,2,23,30,0,0,0,2.6027231216430664,14.789270019531275,132.68235477111287
4392,2014,7,3,0,30,0,0,0,2.4913649559021,14.428491210937526,136.3575005278895
4393,2014,7,3,1,30,0,0,0,2.4568419456481934,14.06670532226565,135.29852451308324
4394,2014,7,3,2,30,0,0,0,2.4744861125946045,13.738183593750026,129.80470622013394
4395,2014,7,3,3,30,0,0,0,2.532918691635132,13.471459960937526,121.1073788518642
4396,2014,7,3,4,30,0,0,0,2.5824551582336426,13.2357116699219,110.40224332012743
4397,2014,7,3,5,30,0,0,0,2.5729494094848637,13.2186218261719,98.48299960986886
4398,2014,7,3,6,30,11,11,0,2.562218189239502,14.031396484375026,85.81584390763467
4399,2014,7,3,7,30,76,76,0,2.665709972381592,15.7051940917969,72.67874946305187
4400,2014,7,3,8,30,321,230,178,2.7245259284973145,17.713220214843773,59.234009355564105
4401,2014,7,3,9,30,606,240,523,2.6499619483947754,19.756433105468773,45.58980032742611
4402,2014,7,3,10,30,752,330,496,2.6409544944763184,21.566003417968773,31.824087624314565
4403,2014,7,3,11,30,877,407,494,2.725026607513428,22.830590820312523,18.018051630131932
4404,2014,7,3,12,30,921,443,479,2.8442492485046387,23.401300048828148,4.620900860406053
4405,2014,7,3,13,30,906,421,493,2.9717345237731934,23.335382080078148,10.28931376001404
4406,2014,7,3,14,30,830,352,523,3.0751433372497563,22.62850341796877,24.029580754278456
4407,2014,7,3,15,30,786,121,841,3.1427075862884517,21.675805664062523,37.83268475115636
4408,2014,7,3,16,30,592,109,777,3.1785492897033687,20.642419433593773,51.55664291993503
4409,2014,7,3,17,30,369,89,664,3.0628719329833984,19.361993408203148,65.12820461802896
4410,2014,7,3,18,30,146,56,450,2.92264175415039,17.958551025390648,78.45973923393137
4411,2014,7,3,19,30,0,0,0,2.9316940307617188,16.775689697265648,91.42434518315693
4412,2014,7,3,20,30,0,0,0,3.001232147216797,15.8962341308594,103.81568061811954
4413,2014,7,3,21,30,0,0,0,3.0876574516296387,15.15825805664065,115.29039297446413
4414,2014,7,3,22,30,0,0,0,3.12573790550232,14.6038757324219,125.25674531542816
4415,2014,7,3,23,30,0,0,0,3.0847196578979488,14.2300964355469,132.74068723917156
4416,2014,7,4,0,30,0,0,0,2.99905014038086,14.010278320312526,136.43672770766184
4417,2014,7,4,1,30,0,0,0,2.8900165557861333,13.888635253906275,135.3903178432276
4418,2014,7,4,2,30,0,0,0,2.733349323272705,13.787377929687526,129.89824745753617
4419,2014,7,4,3,30,0,0,0,2.5974340438842773,13.624291992187526,121.19621516684322
4420,2014,7,4,4,30,0,0,0,2.556924343109131,13.41643676757815,110.48427905883403
4421,2014,7,4,5,30,0,0,0,2.5880589485168457,13.35418090820315,98.55811438468213
4422,2014,7,4,6,30,13,13,0,2.7540934085845947,13.97771606445315,85.88446186322271
4423,2014,7,4,7,30,88,88,0,2.9293274879455566,15.682458496093775,72.74136995672475
4424,2014,7,4,8,30,472,98,733,2.8836028575897217,18.019006347656273,59.2908929696301
4425,2014,7,4,9,30,688,114,820,2.77449369430542,20.180718994140648,45.640898480520704
4426,2014,7,4,10,30,577,412,194,2.8210577964782715,21.803155517578148,31.868680853594352
4427,2014,7,4,11,30,429,390,41,3.0260229110717773,22.932763671875023,18.053038522813324
4428,2014,7,4,12,30,453,411,42,3.2768988609313965,23.655511474609398,4.612354543406283
4429,2014,7,4,13,30,880,428,459,3.4743866920471187,23.895013427734398,10.231906300464216
4430,2014,7,4,14,30,942,130,888,3.6764450073242183,23.538537597656273,23.987521406393114
4431,2014,7,4,15,30,796,123,852,3.8925023078918457,22.657464599609398,37.7986567779181
4432,2014,7,4,16,30,601,110,788,4.0807461738586435,21.239007568359398,51.52955962066227
4433,2014,7,4,17,30,375,91,675,4.208498001098634,19.266351318359398,65.10823705392522
4434,2014,7,4,18,30,149,57,460,4.1503190994262695,17.199121093750026,78.44771059522729
4435,2014,7,4,19,30,0,0,0,4.05856990814209,15.810388183593775,91.42169266103576
4436,2014,7,4,20,30,0,0,0,4.045602798461913,15.1130310058594,103.82460373976907
4437,2014,7,4,21,30,0,0,0,3.958463191986084,14.615014648437526,115.31405103899431
4438,2014,7,4,22,30,0,0,0,3.7653207778930655,14.13042602539065,125.29918483195287
4439,2014,7,4,23,30,0,0,0,3.4918980598449707,13.6215759277344,132.80543224860943
4440,2014,7,5,0,30,0,0,0,3.201219081878662,13.116906738281275,136.5226147533983
4441,2014,7,5,1,30,0,0,0,2.9581193923950195,12.661523437500026,135.48822354279017
4442,2014,7,5,2,30,0,0,0,2.744400978088379,12.2886901855469,129.9967706099052
4443,2014,7,5,3,30,0,0,0,2.552901268005371,11.982324218750026,121.28882025407843
4444,2014,7,5,4,30,0,0,0,2.427384376525879,11.66021118164065,110.56904141164087
4445,2014,7,5,5,30,0,0,0,2.33601975440979,11.6476989746094,98.63511482179408
4446,2014,7,5,6,30,20,19,12,2.1946511268615723,13.036828613281275,85.95428483734298
4447,2014,7,5,7,30,135,115,66,2.0761890411376958,15.908715820312526,72.8046317183655
4448,2014,7,5,8,30,470,98,729,1.9448708295822144,19.178643798828148,59.34793134723111
4449,2014,7,5,9,30,684,114,815,1.7705448865890503,22.007806396484398,45.69171202497634
4450,2014,7,5,10,30,859,125,864,1.8260048627853396,23.753625488281273,31.912564769190105
4451,2014,7,5,11,30,978,132,890,2.169274091720581,24.269738769531273,18.086841796839963
4452,2014,7,5,12,30,1033,135,900,2.577703952789306,23.888330078125023,4.601589777928169
4453,2014,7,5,13,30,1017,134,896,2.9374914169311523,23.055230712890648,10.175050089488211
4454,2014,7,5,14,30,933,130,878,3.296772003173828,22.091882324218773,23.946925623605924
4455,2014,7,5,15,30,788,123,842,3.6749324798583984,21.155297851562523,37.76655519555483
4456,2014,7,5,16,30,595,110,778,3.9929938316345215,20.007318115234398,51.50481078413593
4457,2014,7,5,17,30,371,91,666,4.0838565826416025,18.464318847656273,65.09101831499997
4458,2014,7,5,18,30,147,57,452,3.9401679039001465,16.849542236328148,78.43887947241606
4459,2014,7,5,19,30,0,0,0,3.7764921188354488,15.63567504882815,91.42274420889522
4460,2014,7,5,20,30,0,0,0,3.6258387565612793,14.89067993164065,103.837817361684
4461,2014,7,5,21,30,0,0,0,3.4021902084350586,14.372277832031275,115.34268143042105
4462,2014,7,5,22,30,0,0,0,3.0856249332427983,13.95220336914065,125.34735069598621
4463,2014,7,5,23,30,0,0,0,2.7019050121307373,13.5595642089844,132.87658129033764
4464,2014,7,6,0,30,0,0,0,2.3323118686676025,13.199975585937526,136.61513433539878
4465,2014,7,6,1,30,0,0,0,2.0114390850067143,12.970544433593775,135.5921910200143
4466,2014,7,6,2,30,0,0,0,1.6645554304122925,12.8284851074219,130.1002036974901
4467,2014,7,6,3,30,0,0,0,1.369418025016785,12.6180358886719,121.38511030134735
4468,2014,7,6,4,30,0,0,0,1.239577054977417,12.374414062500026,110.6564435864266
4469,2014,7,6,5,30,0,0,0,1.219576358795166,12.351586914062526,98.7139165542396
4470,2014,7,6,6,30,35,22,188,1.2256948947906494,13.191491699218775,86.02523401189
4471,2014,7,6,7,30,238,73,561,0.993850588798523,15.595056152343775,72.86846374041058
4472,2014,7,6,8,30,302,230,141,0.6331281065940857,18.769433593750023,59.405063745138605
4473,2014,7,6,9,30,559,280,399,0.4978938698768616,21.209893798828148,45.742194470242005
4474,2014,7,6,10,30,864,126,869,0.5620828866958618,22.847283935546894,31.955715889200413
4475,2014,7,6,11,30,984,133,895,0.6675859689712524,23.87996826171877,18.1194891069828
4476,2014,7,6,12,30,1038,136,905,0.7097413539886475,24.17928466796877,4.58891632448919
4477,2014,7,6,13,30,1022,135,900,0.7175599336624146,23.982629394531273,10.118999593586436
4478,2014,7,6,14,30,937,131,881,0.8629164695739746,23.268457031250023,23.907940181415924
4479,2014,7,6,15,30,530,380,189,1.234903335571289,22.170465087890648,37.73649157530293
4480,2014,7,6,16,30,596,111,779,1.69085431098938,20.973779296875023,51.482487924730854
4481,2014,7,6,17,30,372,91,665,2.07283353805542,19.675683593750023,65.07662491481248
4482,2014,7,6,18,30,17,17,0,2.4147045612335205,18.243402099609398,78.43330913702344
4483,2014,7,6,19,30,0,0,0,2.7417423725128174,16.892114257812526,91.42755006783487
4484,2014,7,6,20,30,0,0,0,2.901881217956543,15.843530273437526,103.85535797238937
4485,2014,7,6,21,30,0,0,0,2.8336353302001958,15.0830017089844,115.37630566904308
4486,2014,7,6,22,30,0,0,0,2.6107892990112305,14.602197265625026,125.40124838606472
4487,2014,7,6,23,30,0,0,0,2.333735704421997,14.2587829589844,132.9541233316873
4488,2014,7,7,0,30,0,0,0,2.0475871562957764,13.980432128906275,136.71425693456618
4489,2014,7,7,1,30,0,0,0,1.757723093032837,13.721826171875026,135.7021674834363
4490,2014,7,7,2,30,0,0,0,1.51652193069458,13.4902282714844,130.20847258983562
4491,2014,7,7,3,30,0,0,0,1.3601969480514526,13.262719726562526,121.48499984002859
4492,2014,7,7,4,30,0,0,0,1.2836651802062988,13.06682739257815,110.74639788763031
4493,2014,7,7,5,30,0,0,0,1.2652093172073364,13.4278503417969,98.79443511117428
4494,2014,7,7,6,30,17,17,0,1.221123218536377,14.916467285156275,86.0972312383247
4495,2014,7,7,7,30,119,108,36,1.3257992267608645,16.792230224609398,72.93279644117914
4496,2014,7,7,8,30,468,98,727,1.6169569492340088,17.955621337890648,59.46223163482794
4497,2014,7,7,9,30,683,115,814,1.7826533317565918,18.674462890625023,45.792302462435494
4498,2014,7,7,10,30,859,126,863,1.7176731824874878,19.305902099609398,31.99811516002507
4499,2014,7,7,11,30,979,133,890,1.4809266328811646,19.911828613281273,18.151015045259527
4500,2014,7,7,12,30,1034,136,900,1.2579686641693115,20.658532714843773,4.574670718309322
4501,2014,7,7,13,30,1019,136,896,1.199465036392212,21.460931396484398,10.064024361299673
4502,2014,7,7,14,30,935,132,878,1.1935198307037354,21.885491943359398,23.870715286951924
4503,2014,7,7,15,30,790,124,842,1.138003706932068,21.717248535156273,37.708578310852616
4504,2014,7,7,16,30,596,111,778,1.1352076530456543,21.240258789062523,51.462682121901814
4505,2014,7,7,17,30,372,91,665,1.2728350162506104,20.297784423828148,65.06513212427396
4506,2014,7,7,18,30,51,51,0,1.4923648834228516,18.770715332031273,78.43106101982137
4507,2014,7,7,19,30,0,0,0,1.7330155372619631,17.430139160156273,91.43615816967107
4508,2014,7,7,20,30,0,0,0,1.9755165576934812,16.526361083984398,103.87725939737184
4509,2014,7,7,21,30,0,0,0,2.1779756546020512,15.71868286132815,115.41494240979027
4510,2014,7,7,22,30,0,0,0,2.335946559906006,14.9954772949219,125.46088054864045
4511,2014,7,7,23,30,0,0,0,2.4484758377075195,14.33709106445315,133.03804482650534
4512,2014,7,8,0,30,0,0,0,2.4783287048339844,13.741540527343775,136.8199508633894
4513,2014,7,8,1,30,0,0,0,2.396130323410034,13.44963989257815,135.81809796644743
4514,2014,7,8,2,30,0,0,0,2.149585723876953,13.37102661132815,130.32150104554592
4515,2014,7,8,3,30,0,0,0,1.8020488023757932,13.134118652343775,121.5884018100133
4516,2014,7,8,4,30,0,0,0,1.4552984237670898,12.873681640625026,110.83881579898106
4517,2014,7,8,5,30,0,0,0,1.1097763776779177,12.8671813964844,98.87658600656027
4518,2014,7,8,6,30,33,21,179,0.8888036012649536,13.961572265625026,86.17019912258817
4519,2014,7,8,7,30,235,73,555,0.9467355012893676,16.811608886718773,72.99756173879628
4520,2014,7,8,8,30,467,99,725,1.0729701519012451,20.027978515625023,59.519378758249424
4521,2014,7,8,9,30,682,115,812,1.0311745405197144,22.561822509765648,45.841995813064706
4522,2014,7,8,10,30,857,126,861,0.9571307897567748,24.508569335937523,32.03974794208125
4523,2014,7,8,11,30,977,133,887,0.9918678402900696,25.559320068359398,18.18146105227917
4524,2014,7,8,12,30,929,437,494,1.1189383268356323,25.783563232421894,4.559217428958861
4525,2014,7,8,13,30,897,420,484,1.2453765869140625,25.460626220703148,10.010408853128267
4526,2014,7,8,14,30,823,353,513,1.2816828489303589,24.667504882812523,23.83540432040316
4527,2014,7,8,15,30,583,361,280,1.2025713920593262,23.515924072265648,37.682928427594746
4528,2014,7,8,16,30,514,217,475,1.070880651473999,22.250451660156273,51.44548387208196
4529,2014,7,8,17,30,279,173,252,0.9258228540420532,21.054406738281273,65.05661385483603
4530,2014,7,8,18,30,3,3,0,0.7255103588104248,19.923608398437523,78.43219462036234
4531,2014,7,8,19,30,0,0,0,0.5737848281860352,18.860406494140648,91.4486140702314
4532,2014,7,8,20,30,0,0,0,0.6345207691192627,18.017968750000023,103.90355275473291
4533,2014,7,8,21,30,0,0,0,0.8347790837287903,17.381188964843773,115.45860741890638
4534,2014,7,8,22,30,0,0,0,1.035975694656372,16.890374755859398,125.52624699339633
4535,2014,7,8,23,30,0,0,0,1.2786214351654053,16.555444335937526,133.12832972654456
4536,2014,7,9,0,30,0,0,0,1.540191411972046,16.284265136718773,136.9321822881383
4537,2014,7,9,1,30,0,0,0,1.6911767721176147,15.974755859375026,135.93992535257638
4538,2014,7,9,2,30,0,0,0,1.7260600328445437,15.605493164062526,130.43921075280943
4539,2014,7,9,3,30,0,0,0,1.66486394405365,15.22966918945315,121.69522762572215
4540,2014,7,9,4,30,0,0,0,1.4975268840789795,14.942529296875026,110.93360806687315
4541,2014,7,9,5,30,0,0,0,1.2219313383102417,14.947290039062526,98.96028482743314
4542,2014,7,9,6,30,15,15,0,0.8648456931114197,15.518151855468775,86.24406110835484
4543,2014,7,9,7,30,113,105,30,0.5107606649398804,16.613824462890648,73.06269312230394
4544,2014,7,9,8,30,331,222,214,0.2972549796104431,17.995050048828148,59.576451180127776
4545,2014,7,9,9,30,497,314,262,0.2786860466003418,19.465783691406273,45.891237523587996
4546,2014,7,9,10,30,778,306,557,0.3540194034576416,20.762841796875023,32.08060399132067
4547,2014,7,9,11,30,971,133,881,0.4630542993545532,21.874475097656273,18.210875325461398
4548,2014,7,9,12,30,1026,137,892,0.6123892068862915,22.675012207031273,4.542949879669735
4549,2014,7,9,13,30,879,399,487,0.7416380643844604,23.016717529296894,9.958452152565838
4550,2014,7,9,14,30,830,347,527,0.7858864068984985,23.114495849609398,23.802163557697302
4551,2014,7,9,15,30,705,262,559,0.7565969228744507,22.863763427734398,37.65965538633024
4552,2014,7,9,16,30,512,222,464,0.7219648361206055,22.051660156250023,51.43098293931816
4553,2014,7,9,17,30,244,181,148,0.6724026203155518,20.946679687500023,65.0511425424437
4554,2014,7,9,18,30,6,6,0,0.5972139835357666,19.655358886718773,78.4367674179165
4555,2014,7,9,19,30,0,0,0,0.7059780359268188,18.370629882812523,91.46496088467974
4556,2014,7,9,20,30,0,0,0,1.0230016708374023,17.618585205078148,103.9342664131691
4557,2014,7,9,21,30,0,0,0,1.2799909114837646,17.161798095703148,115.50731355253453
4558,2014,7,9,22,30,0,0,0,1.413198947906494,16.645257568359398,125.5973446899275
4559,2014,7,9,23,30,0,0,0,1.5771698951721191,16.134057617187526,133.22495949396594
4560,2014,7,10,0,30,0,0,0,1.808104515075684,15.6696716308594,137.05091525220132
4561,2014,7,10,1,30,0,0,0,1.971577882766724,15.27141723632815,136.06759040157678
4562,2014,7,10,2,30,0,0,0,2.0076637268066406,14.906091308593775,130.56152137092755
4563,2014,7,10,3,30,0,0,0,1.9390709400177,14.564416503906275,121.80538724316976
4564,2014,7,10,4,30,0,0,0,1.773428201675415,14.2106872558594,111.030684784212
4565,2014,7,10,5,30,0,0,0,1.5211244821548462,14.2083679199219,99.04544732169701
4566,2014,7,10,6,30,29,20,145,1.2005468606948853,15.4061218261719,86.31874155895756
4567,2014,7,10,7,30,220,87,458,0.9784941673278807,17.826593017578148,73.12812572051912
4568,2014,7,10,8,30,427,146,556,0.9531265497207642,20.395928955078148,59.63339733700445
4569,2014,7,10,9,30,530,299,332,0.9810785055160522,22.523889160156273,45.939993806241205
4570,2014,7,10,10,30,854,127,858,1.0243138074874878,24.257501220703148,32.120677436752594
4571,2014,7,10,11,30,975,134,885,1.1250498294830322,25.433648681640648,18.239312723626554
4572,2014,7,10,12,30,1031,137,896,1.2374460697174072,25.958947753906273,4.526291250492903
4573,2014,7,10,13,30,1016,137,892,1.3535041809082031,25.687554931640648,9.908467539763748
4574,2014,7,10,14,30,719,398,351,1.4576380252838137,24.670861816406273,23.77115187372957
4575,2014,7,10,15,30,787,125,836,1.511330485343933,23.415826416015648,37.63887288140624
4576,2014,7,10,16,30,501,237,423,1.4898738861083984,22.099145507812523,51.41926820468967
4577,2014,7,10,17,30,11,11,0,1.29156756401062,20.752893066406273,65.04878903223761
4578,2014,7,10,18,30,5,5,0,0.9812287092208862,19.519830322265648,78.44483478463323
4579,2014,7,10,19,30,0,0,0,0.6572979688644409,18.556298828125023,91.48523922536074
4580,2014,7,10,20,30,0,0,0,0.4446005821228027,17.915460205078148,103.96942595228799
4581,2014,7,10,21,30,0,0,0,0.4515285789966583,17.474816894531273,115.56107073736663
4582,2014,7,10,22,30,0,0,0,0.5108913183212279,17.085076904296898,125.67416776600949
4583,2014,7,10,23,30,0,0,0,0.5419595241546631,16.682336425781273,133.3279131151079
4584,2014,7,11,0,30,0,0,0,0.5258830785751343,16.207543945312526,137.17611170055838
4585,2014,7,11,1,30,0,0,0,0.4812462627887726,15.6945739746094,136.20103177609712
4586,2014,7,11,2,30,0,0,0,0.4896272718906402,15.351342773437526,130.68835057258684
4587,2014,7,11,3,30,0,0,0,0.5696286559104919,15.019189453125026,121.91878922801206
4588,2014,7,11,4,30,0,0,0,0.7769511342048645,14.7700134277344,111.12995547465886
4589,2014,7,11,5,30,0,0,0,1.1026986837387085,14.890954589843775,99.13198948521708
4590,2014,7,11,6,30,23,19,65,1.3873045444488523,15.663964843750026,86.39416583741512
4591,2014,7,11,7,30,176,112,221,1.5768959522247314,17.117486572265648,73.19379636809317
4592,2014,7,11,8,30,353,214,276,1.717312574386597,18.858666992187523,59.690168082850974
4593,2014,7,11,9,30,518,303,309,1.8975841999053955,20.347375488281273,45.98823410075502
4594,2014,7,11,10,30,851,127,854,2.1861684322357178,21.229760742187523,32.159966753827575
4595,2014,7,11,11,30,971,134,881,2.533541679382324,21.603295898437523,18.26683466715906
4596,2014,7,11,12,30,1026,137,891,2.849962949752808,21.523431396484398,4.5096949746785375
4597,2014,7,11,13,30,1011,137,887,3.045793294906616,21.134393310546894,9.860781909590287
4598,2014,7,11,14,30,929,133,869,3.138627052307129,20.611352539062523,23.74253042642528
4599,2014,7,11,15,30,286,268,22,3.216416358947754,19.981011962890648,37.620694633803886
4600,2014,7,11,16,30,270,247,37,3.2545735836029053,19.081781005859398,51.41042751513197
4601,2014,7,11,17,30,111,111,0,3.3459696769714355,17.894189453125023,65.04962246454556
4602,2014,7,11,18,30,33,33,0,3.6294310092926025,16.680718994140648,78.45644990050019
4603,2014,7,11,19,30,0,0,0,3.9370756149291988,15.728479003906275,91.50948714190656
4604,2014,7,11,20,30,0,0,0,4.042922019958496,15.117883300781275,104.00905412525809
4605,2014,7,11,21,30,0,0,0,3.9215297698974614,14.719750976562526,115.61988595320702
4606,2014,7,11,22,30,0,0,0,3.6920747756958012,14.3736511230469,125.75670750711296
4607,2014,7,11,23,30,0,0,0,3.4502058029174805,14.02764282226565,133.43716711528134
4608,2014,7,12,0,30,0,0,0,3.2307159900665283,13.7150817871094,137.30773150530518
4609,2014,7,12,1,30,0,0,0,3.0417022705078125,13.431115722656275,136.34018606901697
4610,2014,7,12,2,30,0,0,0,2.747676372528076,13.208398437500026,130.81961408697728
4611,2014,7,12,3,30,0,0,0,2.305062055587769,13.07122192382815,122.0353408246643
4612,2014,7,12,4,30,0,0,0,1.898669004440308,12.962548828125026,111.2313291773422
4613,2014,7,12,5,30,0,0,0,1.6085500717163086,12.933740234375026,99.2198276485514
4614,2014,7,12,6,30,29,19,160,1.399813175201416,13.53630981445315,86.47026038507437
4615,2014,7,12,7,30,228,72,541,1.1258656978607178,15.4854675292969,73.25964366908042
4616,2014,7,12,8,30,460,99,716,0.8749881386756897,18.276605224609398,59.74671673135885
4617,2014,7,12,9,30,676,116,806,0.8818044662475586,20.472039794921894,46.0359310873681
4618,2014,7,12,10,30,853,128,856,1.0712244510650637,21.875207519531273,32.198474733953354
4619,2014,7,12,11,30,974,135,884,1.273611068725586,22.86263427734377,18.29350903339247
4620,2014,7,12,12,30,1031,138,895,1.426971673965454,23.331231689453148,4.4936448247404
4621,2014,7,12,13,30,1018,138,893,1.5359957218170166,23.294000244140648,9.815735015109157
4622,2014,7,12,14,30,936,134,875,1.696540594100952,22.863885498046894,23.716462321437408
4623,2014,7,12,15,30,791,126,840,2.040233612060547,22.066217041015648,37.60523417954268
4624,2014,7,12,16,30,597,113,776,2.5184226036071777,20.904870605468773,51.40454753162236
4625,2014,7,12,17,30,372,93,662,2.940950870513916,19.450067138671894,65.05371016203483
4626,2014,7,12,18,30,147,58,446,3.3647856712341313,17.835870361328148,78.47166367060848
4627,2014,7,12,19,30,0,0,0,3.771897792816162,16.493341064453148,91.53774006398977
4628,2014,7,12,20,30,0,0,0,3.9975175857543945,15.60894165039065,104.05317082390228
4629,2014,7,12,21,30,0,0,0,4.050010681152344,15.04937133789065,115.68376321756338
4630,2014,7,12,22,30,0,0,0,3.937654972076416,14.61907348632815,125.84495235751369
4631,2014,7,12,23,30,0,0,0,3.6961421966552734,14.13286743164065,133.55269557475728
4632,2014,7,13,0,30,0,0,0,3.3721885681152344,13.64837036132815,137.44573249222105
4633,2014,7,13,1,30,0,0,0,2.995774269104004,13.2781921386719,136.48498783130069
4634,2014,7,13,2,30,0,0,0,2.5406832695007324,12.9721618652344,130.95522574366228
4635,2014,7,13,3,30,0,0,0,2.073447704315185,12.6811462402344,122.15494802631099
4636,2014,7,13,4,30,0,0,0,1.713966965675354,12.413659667968775,111.33471453179486
4637,2014,7,13,5,30,0,0,0,1.4663394689559937,12.379235839843775,99.3088785625836
4638,2014,7,13,6,30,29,19,164,1.2892308235168457,13.25164184570315,86.54695279821094
4639,2014,7,13,7,30,233,73,556,1.0721118450164795,15.620263671875026,73.32560805776227
4640,2014,7,13,8,30,469,100,732,0.9150888919830322,19.080529785156273,59.802999094794245
4641,2014,7,13,9,30,688,117,822,1.0415978431701658,21.992364501953148,46.08306069592165
4642,2014,7,13,10,30,867,129,872,1.392794489860535,23.700830078125023,32.23620844984167
4643,2014,7,13,11,30,989,136,898,1.7563376426696775,24.654779052734398,18.3194100461389
4644,2014,7,13,12,30,1045,139,908,2.0118780136108403,24.920526123046894,4.47865447091651
4645,2014,7,13,13,30,1030,139,904,2.1709861755371094,24.60799560546877,9.773678519409033
4646,2014,7,13,14,30,945,135,885,2.4088003635406494,23.762811279296894,23.693112257935553
4647,2014,7,13,15,30,798,127,847,2.815785646438598,22.540338134765648,37.59260465381546
4648,2014,7,13,16,30,601,113,781,3.2091593742370605,21.007562255859398,51.4017135773771
4649,2014,7,13,17,30,374,93,665,3.3976378440856934,19.172692871093773,65.06111751860985
4650,2014,7,13,18,30,148,58,450,3.456578493118286,17.396142578125026,78.49052464471102
4651,2014,7,13,19,30,0,0,0,3.4488401412963867,16.158959960937526,91.5700307464375
4652,2014,7,13,20,30,0,0,0,3.331498146057129,15.44475708007815,104.10179304613152
4653,2014,7,13,21,30,0,0,0,3.188610553741455,14.97710571289065,115.75270357211691
4654,2014,7,13,22,30,0,0,0,3.0081052780151367,14.662683105468775,125.93888792257164
4655,2014,7,13,23,30,0,0,0,2.7806990146636963,14.426965332031275,133.67447014568523
4656,2014,7,14,0,30,0,0,0,2.57429313659668,14.203332519531275,137.590070468293
4657,2014,7,14,1,30,0,0,0,2.396244525909424,13.921960449218775,136.63536960035646
4658,2014,7,14,2,30,0,0,0,2.185775756835937,13.6691833496094,131.09509751730891
4659,2014,7,14,3,30,0,0,0,1.902550458908081,13.49602661132815,122.27751564598715
4660,2014,7,14,4,30,0,0,0,1.6139897108078003,13.27715454101565,111.44001986328873
4661,2014,7,14,5,30,0,0,0,1.4070782661437988,13.2130065917969,99.39905948369568
4662,2014,7,14,6,30,28,19,158,1.260753870010376,14.199243164062526,86.62417190302544
4663,2014,7,14,7,30,230,73,550,1.135366439819336,17.033532714843773,73.39163185681579
4664,2014,7,14,8,30,466,100,728,1.0168070793151855,20.424096679687523,59.858973519660694
4665,2014,7,14,9,30,684,117,818,0.9436869621276855,22.97689208984377,46.129602111324644
4666,2014,7,14,10,30,863,129,868,1.118461847305298,24.71688232421877,32.273179217231196
4667,2014,7,14,11,30,986,136,895,1.5435556173324585,25.468255615234398,18.344618158989547
4668,2014,7,14,12,30,1043,139,906,2.0053439140319824,25.36702880859377,4.465266387098353
4669,2014,7,14,13,30,1028,139,902,2.366713047027588,24.885278320312523,9.734974839156394
4670,2014,7,14,14,30,943,135,882,2.603637218475342,24.135125732421894,23.672646155648337
4671,2014,7,14,15,30,684,283,505,2.79714584350586,23.251519775390648,37.582918571218535
4672,2014,7,14,16,30,567,163,647,2.9429056644439697,22.092736816406273,51.40200948609814
4673,2014,7,14,17,30,148,145,8,3.032720804214477,20.523797607421894,65.0719078898949
4674,2014,7,14,18,30,79,75,18,3.167244434356689,18.920465087890648,78.51307893916605
4675,2014,7,14,19,30,0,0,0,3.27301025390625,17.678979492187523,91.6063892171195
4676,2014,7,14,20,30,0,0,0,3.2118382453918457,16.822290039062526,104.15493486590077
4677,2014,7,14,21,30,0,0,0,3.0230531692504883,16.147119140625026,115.82670507121784
4678,2014,7,14,22,30,0,0,0,2.74765682220459,15.658593750000026,126.03849697243746
4679,2014,7,14,23,30,0,0,0,2.4189043045043945,15.283776855468775,133.80246007006528
4680,2014,7,15,0,30,0,0,0,2.092026233673096,14.9808288574219,137.7406992501775
4681,2014,7,15,1,30,0,0,0,1.8117575645446775,14.743859863281275,136.7912619288615
4682,2014,7,15,2,30,0,0,0,1.6059632301330566,14.529748535156275,131.23913957309026
4683,2014,7,15,3,30,0,0,0,1.4950683116912842,14.34539184570315,122.40294738847736
4684,2014,7,15,4,30,0,0,0,1.4330233335494995,14.151147460937526,111.54715326824837
4685,2014,7,15,5,30,0,0,0,1.3349590301513672,14.220300292968775,99.4902882578494
4686,2014,7,15,6,30,17,15,20,1.1597304344177246,15.53972778320315,86.70184782866767
4687,2014,7,15,7,30,142,114,99,1.0124510526657104,18.097711181640648,73.45765933277298
4688,2014,7,15,8,30,70,70,0,0.959497570991516,20.968164062500023,59.914600918914175
4689,2014,7,15,9,30,540,294,354,0.9883058071136476,23.292626953125023,46.17553777525807
4690,2014,7,15,10,30,681,346,396,1.1045126914978027,24.955834960937523,32.30940255231318
4691,2014,7,15,11,30,811,369,465,1.2217519283294678,26.096551513671894,18.369219931275367
4692,2014,7,15,12,30,1037,139,900,1.2912919521331787,26.55941162109377,4.4540499751336275
4693,2014,7,15,13,30,1022,139,896,1.3221371173858645,26.476007080078148,9.699995766739336
4694,2014,7,15,14,30,938,134,877,1.2684364318847656,25.949731445312523,23.65523076393373
4695,2014,7,15,15,30,792,126,839,1.1474647521972656,24.988061523437523,37.57628760270314
4696,2014,7,15,16,30,410,287,196,1.0935404300689695,23.806878662109398,51.405517450830494
4697,2014,7,15,17,30,209,177,77,1.174572229385376,22.599389648437523,65.08614248583793
4698,2014,7,15,18,30,3,3,0,1.323512315750122,21.224176025390648,78.53937016155506
4699,2014,7,15,19,30,0,0,0,1.485370635986328,20.077386474609398,91.6468427274926
4700,2014,7,15,20,30,0,0,0,1.6687633991241455,19.192956542968773,104.21260740553234
4701,2014,7,15,21,30,0,0,0,1.8011322021484375,18.307244873046894,115.90576277222357
4702,2014,7,15,22,30,0,0,0,1.8131741285324097,17.541101074218773,126.14375944695776
4703,2014,7,15,23,30,0,0,0,1.7525968551635742,16.911859130859398,133.93663219861796
4704,2014,7,16,0,30,0,0,0,1.6882681846618652,16.362939453125026,137.89757069353084
4705,2014,7,16,1,30,0,0,0,1.6352860927581787,15.90484008789065,136.95259341395447
4706,2014,7,16,2,30,0,0,0,1.5942871570587158,15.5812927246094,131.38726031295636
4707,2014,7,16,3,30,0,0,0,1.5339009761810305,15.393029785156275,122.53114592324758
4708,2014,7,16,4,30,0,0,0,1.4208171367645264,15.296411132812526,111.6560226999428
4709,2014,7,16,5,30,0,0,0,1.3008584976196291,15.2200866699219,99.58248340382693
4710,2014,7,16,6,30,12,12,0,1.239417552947998,15.4783874511719,86.77991207832791
4711,2014,7,16,7,30,109,101,28,1.2844529151916504,16.734979248046898,73.52363674870108
4712,2014,7,16,8,30,334,218,230,1.3339700698852541,18.759362792968773,59.969844800949325
4713,2014,7,16,9,30,555,265,418,1.2475526332855225,20.816766357421894,46.220853384257495
4714,2014,7,16,10,30,621,387,277,1.0900386571884155,22.496331787109398,32.344898125433005
4715,2014,7,16,11,30,680,447,245,0.985350787639618,23.642327880859398,18.393307896097227
4716,2014,7,16,12,30,859,374,486,1.0650885105133057,24.149682617187523,4.445598784656895
4717,2014,7,16,13,30,903,412,498,1.340200662612915,23.92489013671877,9.669120861187894
4718,2014,7,16,14,30,808,339,511,1.6170712709426882,23.369073486328148,23.641033253585764
4719,2014,7,16,15,30,598,351,311,1.7504193782806396,22.755334472656273,37.57282234973593
4720,2014,7,16,16,30,61,61,0,1.7626755237579346,21.857141113281273,51.41231787357221
4721,2014,7,16,17,30,113,113,0,1.655712604522705,20.647424316406273,65.10388026544369
4722,2014,7,16,18,30,66,66,0,1.49972403049469,19.350885009765648,78.56943933796028
4723,2014,7,16,19,30,0,0,0,1.4658137559890747,18.316003417968773,91.6914157058982
4724,2014,7,16,20,30,0,0,0,1.600983738899231,17.618249511718773,104.27481881061183
4725,2014,7,16,21,30,0,0,0,1.8264403343200684,17.065209960937526,115.9898687278348
4726,2014,7,16,22,30,0,0,0,2.0394244194030757,16.651971435546898,126.25465246188016
4727,2014,7,16,23,30,0,0,0,2.1927490234375,16.335473632812526,134.07695101055586
4728,2014,7,17,0,30,0,0,0,2.2743518352508545,16.086694335937526,138.06063472316782
4729,2014,7,17,1,30,0,0,0,2.285195827484131,15.875817871093775,137.11929072676395
4730,2014,7,17,2,30,0,0,0,2.162436485290528,15.69829711914065,131.53936642252714
4731,2014,7,17,3,30,0,0,0,1.9154231548309328,15.57549438476565,122.66201295821298
4732,2014,7,17,4,30,0,0,0,1.6304528713226318,15.4072204589844,111.76653605420697
4733,2014,7,17,5,30,0,0,0,1.3664021492004397,15.31524047851565,99.67556419547942
4734,2014,7,17,6,30,25,17,139,1.2856426239013672,15.85125122070315,86.85829759835127
4735,2014,7,17,7,30,222,72,531,1.502554416656494,17.130578613281273,73.5895124140994
4736,2014,7,17,8,30,453,99,709,1.8420662879943848,18.821954345703148,60.02467129518783
4737,2014,7,17,9,30,670,116,800,2.0931656360626216,20.289514160156273,46.26553788408199
4738,2014,7,17,10,30,847,128,851,2.2216858863830566,21.327294921875023,32.379689710612034
4739,2014,7,17,11,30,969,135,879,2.2378861904144287,22.307122802734398,18.416980419341318
4740,2014,7,17,12,30,1026,138,890,2.1638846397399902,23.109307861328148,4.440526722472967
4741,2014,7,17,13,30,1013,138,887,2.0636022090911865,23.379022216796894,9.642735602734119
4742,2014,7,17,14,30,930,134,868,2.0025496482849117,23.010797119140648,23.63022079245637
4743,2014,7,17,15,30,531,376,195,1.9663231372833248,22.302636718750023,37.57263211625613
4744,2014,7,17,16,30,399,286,181,1.910671949386597,21.382073974609398,51.42248921622324
4745,2014,7,17,17,30,270,175,224,1.9171677827835083,20.220391845703148,65.12517783399223
4746,2014,7,17,18,30,111,74,189,2.15679669380188,19.002526855468773,78.60332484306008
4747,2014,7,17,19,30,0,0,0,2.526419162750244,18.082543945312523,91.74012971365215
4748,2014,7,17,20,30,0,0,0,2.7747459411621094,17.451226806640648,104.34157422725708
4749,2014,7,17,21,30,0,0,0,2.8552014827728267,16.884790039062526,116.07901198022086
4750,2014,7,17,22,30,0,0,0,2.8177394866943364,16.391473388671898,126.37115031616504
4751,2014,7,17,23,30,0,0,0,2.708491802215576,15.9595886230469,134.22337863415248
4752,2014,7,18,0,30,0,0,0,2.550652027130127,15.6113220214844,138.2298393639827
4753,2014,7,18,1,30,0,0,0,2.342625617980957,15.37798461914065,137.2912786422435
4754,2014,7,18,2,30,0,0,0,2.0841355323791504,15.2529235839844,131.6953629188529
4755,2014,7,18,3,30,0,0,0,1.8386943340301516,15.15081176757815,122.79544931447184
4756,2014,7,18,4,30,0,0,0,1.6598494052886963,15.0527282714844,111.87860125525171
4757,2014,7,18,5,30,0,0,0,1.5010535717010498,15.07463989257815,99.76945074280316
4758,2014,7,18,6,30,9,9,0,1.3291857242584229,15.730615234375026,86.93693884530977
4759,2014,7,18,7,30,82,82,0,1.276134014129639,17.503594970703148,73.65523673208385
4760,2014,7,18,8,30,360,205,310,1.3261923789978027,19.887231445312523,60.07904917453896
4761,2014,7,18,9,30,670,116,802,1.300480604171753,22.131616210937523,46.30958346060583
4762,2014,7,18,10,30,363,331,37,1.2234232425689695,23.848107910156273,32.41380513115335
4763,2014,7,18,11,30,970,135,880,1.1333171129226685,24.978173828125023,18.44034154905516
4764,2014,7,18,12,30,1027,138,891,1.0272866487503052,25.347833251953148,4.439463177153115
4765,2014,7,18,13,30,1013,138,887,0.9381175041198729,24.958978271484398,9.621229312135169
4766,2014,7,18,14,30,708,403,333,0.8996725082397461,24.286248779296894,23.62296010614337
4767,2014,7,18,15,30,299,279,25,0.8066916465759277,23.623773193359398,37.57582467905808
4768,2014,7,18,16,30,175,170,7,0.60030597448349,22.914331054687523,51.43610785299328
4769,2014,7,18,17,30,324,143,430,0.30681005120277405,22.031243896484398,65.15008934280972
4770,2014,7,18,18,30,60,60,0,0.200493186712265,20.857415771484398,78.64106233321607
4771,2014,7,18,19,30,0,0,0,0.4932794272899628,19.826867675781273,91.79300340403995
4772,2014,7,18,20,30,0,0,0,0.8686107397079468,18.961053466796894,104.41287578194249
4773,2014,7,18,21,30,0,0,0,1.1734213829040527,18.006799316406273,116.17317855705986
4774,2014,7,18,22,30,0,0,0,1.4259934425354004,17.250268554687526,126.49322450047468
4775,2014,7,18,23,30,0,0,0,1.6259917020797732,16.754479980468773,134.37587486809358
4776,2014,7,19,0,30,0,0,0,1.7976288795471191,16.532006835937526,138.40513077259666
4777,2014,7,19,1,30,0,0,0,1.9739624261856081,16.314508056640648,137.46848006919802
4778,2014,7,19,2,30,0,0,0,2.1501939296722408,15.98626098632815,131.85515319882276
4779,2014,7,19,3,30,0,0,0,2.2679765224456787,15.620080566406275,122.93135500182842
4780,2014,7,19,4,30,0,0,0,2.2548999786376958,15.228662109375026,111.9921263414592
4781,2014,7,19,5,30,0,0,0,2.0232923030853267,15.046411132812526,99.86406407195587
4782,2014,7,19,6,30,23,16,134,1.6481420993804932,15.67730102539065,87.01577185096697
4783,2014,7,19,7,30,222,72,534,1.4045194387435913,17.337213134765648,73.72076224363168
4784,2014,7,19,8,30,455,99,715,1.3243939876556396,19.436151123046894,60.13294987439291
4785,2014,7,19,9,30,674,116,807,1.1960697174072266,21.636132812500023,46.352985527060405
4786,2014,7,19,10,30,853,128,858,1.064663648605347,23.839898681640648,32.44727620106369
4787,2014,7,19,11,30,755,416,357,1.0294270515441897,25.489251708984398,18.46350085408952
4788,2014,7,19,12,30,752,458,294,1.050008773803711,26.327172851562523,4.4430470322003535
4789,2014,7,19,13,30,1020,138,894,1.0719461441040041,26.387139892578148,9.604992842730084
4790,2014,7,19,14,30,936,134,875,1.0518105030059814,25.759759521484398,23.619417025196384
4791,2014,7,19,15,30,790,126,837,0.9838500618934632,24.80501708984377,37.58250605732072
4792,2014,7,19,16,30,593,113,771,0.8563364744186401,23.802667236328148,51.45324792487458
4793,2014,7,19,17,30,100,100,0,0.6479450464248657,22.84310302734377,65.17866639199256
4794,2014,7,19,18,30,38,38,0,0.608291745185852,21.717980957031273,78.68268468254847
4795,2014,7,19,19,30,0,0,0,0.9905021190643309,20.591424560546894,91.85005248415442
4796,2014,7,19,20,30,0,0,0,1.4939870834350586,19.470910644531273,104.48872256373821
4797,2014,7,19,21,30,0,0,0,1.859489679336548,18.388604736328148,116.27235146936829
4798,2014,7,19,22,30,0,0,0,2.106110095977783,17.731988525390648,126.6208437067122
4799,2014,7,19,23,30,0,0,0,2.1161222457885738,17.354333496093773,134.53439720350184
4800,2014,7,20,0,30,0,0,0,1.7888138294219968,17.071343994140648,138.58645326966354
4801,2014,7,20,1,30,0,0,0,1.2043994665145874,16.819573974609398,137.65081608052674
4802,2014,7,20,2,30,0,0,0,0.6176841259002686,16.430596923828148,132.0186390883923
4803,2014,7,20,3,30,0,0,0,0.436152458190918,15.888452148437526,123.06962929526628
4804,2014,7,20,4,30,0,0,0,0.6312379837036133,15.428369140625026,112.10701955107656
4805,2014,7,20,5,30,0,0,0,0.7921410799026489,15.323999023437526,99.959326203976
4806,2014,7,20,6,30,23,16,133,0.7472355365753174,16.044580078125026,87.09473428505217
4807,2014,7,20,7,30,223,72,541,0.44668760895729065,17.790216064453148,73.78604366913291
4808,2014,7,20,8,30,460,99,724,0.2842775583267212,20.114007568359398,60.186347508525856
4809,2014,7,20,9,30,681,117,818,0.5238457322120667,22.591210937500023,46.395742707818975
4810,2014,7,20,10,30,863,129,870,0.8789880275726318,25.177514648437523,32.480138662355145
4811,2014,7,20,11,30,988,136,897,1.1725232601165771,27.485375976562523,18.486573251246654
4812,2014,7,20,12,30,1045,139,908,1.4006483554840088,28.592523193359398,4.451919605094574
4813,2014,7,20,13,30,1031,139,904,1.644571304321289,28.41683349609377,9.594416061399373
4814,2014,7,20,14,30,947,135,886,1.9593784809112549,27.502221679687523,23.619756020576318
4815,2014,7,20,15,30,799,127,847,2.344423055648804,26.076074218750023,37.59278028191039
4816,2014,7,20,16,30,600,113,781,2.717423439025879,24.546685791015648,51.47398119633195
4817,2014,7,20,17,30,372,93,664,2.8800008296966557,22.78426513671877,65.21095793608052
4818,2014,7,20,18,30,144,57,446,2.951432943344116,20.742333984375023,78.72822192221359
4819,2014,7,20,19,30,0,0,0,2.9926764965057373,19.220117187500023,91.91128967971883
4820,2014,7,20,20,30,0,0,0,2.91212797164917,18.256707763671894,104.56911060905695
4821,2014,7,20,21,30,0,0,0,2.8038039207458496,17.455773925781273,116.37651071108006
4822,2014,7,20,22,30,0,0,0,2.649561882019043,16.745141601562526,126.75397383854542
4823,2014,7,20,23,30,0,0,0,2.4529836177825928,16.053826904296898,134.69890084659352
4824,2014,7,21,0,30,0,0,0,2.2299916744232178,15.381494140625026,138.77374937278296
4825,2014,7,21,1,30,0,0,0,2.0334818363189697,14.75274047851565,137.83820594358562
4826,2014,7,21,2,30,0,0,0,1.855215549468994,14.1904235839844,132.18572089255477
4827,2014,7,21,3,30,0,0,0,1.6871843338012695,13.677087402343775,123.21017081226263
4828,2014,7,21,4,30,0,0,0,1.6252174377441406,13.20952758789065,112.22318940786602
4829,2014,7,21,5,30,0,0,0,1.6635186672210691,13.2647644042969,100.05516023230257
4830,2014,7,21,6,30,23,16,135,1.6154935359954834,14.949487304687526,87.17376551591323
4831,2014,7,21,7,30,227,72,554,1.6531774997711182,18.288446044921894,73.85103794695954
4832,2014,7,21,8,30,467,100,739,1.9973022937774656,21.802850341796894,60.23921888170523
4833,2014,7,21,9,30,692,118,833,2.3531832695007324,24.532403564453148,46.43785681861489
4834,2014,7,21,10,30,876,130,884,2.615974903106689,26.441827392578148,32.51243211817126
4835,2014,7,21,11,30,1002,137,912,2.8634464740753174,27.669244384765648,18.509678820078946
4836,2014,7,21,12,30,1060,140,922,3.0614805221557617,28.315728759765648,4.4667166277394585
4837,2014,7,21,13,30,1044,140,917,3.211955547332764,28.387445068359398,9.58988514332249
4838,2014,7,21,14,30,958,135,897,3.4184813499450684,27.840234375000023,23.624139729299323
4839,2014,7,21,15,30,807,127,858,3.73976731300354,26.57869873046877,37.606749165169
4840,2014,7,21,16,30,606,114,790,4.043346405029297,24.862084960937523,51.498376914654465
4841,2014,7,21,17,30,375,93,672,4.094913959503174,22.804864501953148,65.24701019299133
4842,2014,7,21,18,30,145,57,453,3.971525669097901,20.531121826171894,78.77770118298787
4843,2014,7,21,19,30,0,0,0,3.813469648361206,18.871026611328148,91.97672470290495
4844,2014,7,21,20,30,0,0,0,3.574370861053467,17.859613037109398,104.65403288891687
4845,2014,7,21,21,30,0,0,0,3.313148021697998,17.005090332031273,116.48563326051598
4846,2014,7,21,22,30,0,0,0,3.069807529449463,16.245050048828148,126.89257802300892
4847,2014,7,21,23,30,0,0,0,2.8550200462341313,15.576135253906275,134.8693387419524
4848,2014,7,22,0,30,0,0,0,2.6529130935668945,15.015649414062526,138.96695982999054
4849,2014,7,22,1,30,0,0,0,2.468857288360596,14.531152343750026,138.03056715061786
4850,2014,7,22,2,30,0,0,0,2.290944099426269,14.021569824218775,132.35629744604515
4851,2014,7,22,3,30,0,0,0,2.153661727905273,13.440637207031275,123.35287759085821
4852,2014,7,22,4,30,0,0,0,2.1146104335784908,12.834436035156275,112.3405448064335
4853,2014,7,22,5,30,0,0,0,2.103610754013061,12.702172851562526,100.15149039878922
4854,2014,7,22,6,30,22,16,134,1.9753658771514893,14.2976013183594,87.25280666876564
4855,2014,7,22,7,30,229,73,563,1.934814691543579,17.778771972656273,73.91570426919466
4856,2014,7,22,8,30,472,101,750,2.160135269165039,21.503808593750023,60.29154349895755
4857,2014,7,22,9,30,699,118,842,2.330128669738769,24.40462646484377,46.47933284325535
4858,2014,7,22,10,30,882,130,892,2.329965829849243,26.541894531250023,32.544199961412396
4859,2014,7,22,11,30,1007,137,917,2.364341735839844,27.948754882812523,18.53294260422821
4860,2014,7,22,12,30,1064,140,926,2.580376148223877,28.580926513671894,4.4880594705904855
4861,2014,7,22,13,30,1048,140,921,2.919963359832764,28.46712646484377,9.591779714726883
4862,2014,7,22,14,30,961,135,900,3.2923545837402344,27.749414062500023,23.63272847254584
4863,2014,7,22,15,30,810,127,862,3.6964731216430655,26.508996582031273,37.62451207210307
4864,2014,7,22,16,30,609,114,795,4.065213680267334,24.649682617187523,51.5265016725424
4865,2014,7,22,17,30,374,96,665,4.13079833984375,22.196160888671894,65.28686655647773
4866,2014,7,22,18,30,134,64,359,3.8599720001220703,19.625848388671894,78.83114664114612
4867,2014,7,22,19,30,0,0,0,3.5263793468475337,17.853814697265648,92.04636422317628
4868,2014,7,22,20,30,0,0,0,3.3226821422576904,16.827783203125026,104.74347929859637
4869,2014,7,22,21,30,0,0,0,3.2833516597747803,15.949060058593775,116.59969308343905
4870,2014,7,22,22,30,0,0,0,3.302445411682129,15.191247558593775,127.03661662288219
4871,2014,7,22,23,30,0,0,0,3.2969026565551762,14.574304199218775,135.04566159624778
4872,2014,7,23,0,30,0,0,0,3.2424755096435547,14.02507934570315,139.16602365372862
4873,2014,7,23,1,30,0,0,0,3.1700901985168457,13.466149902343775,138.2278154492277
4874,2014,7,23,2,30,0,0,0,3.0579965114593506,12.90862426757815,132.53026616482808
4875,2014,7,23,3,30,0,0,0,2.927096128463745,12.4118591308594,123.49764716864901
4876,2014,7,23,4,30,0,0,0,2.8478975296020512,11.999291992187526,112.45899509743256
4877,2014,7,23,5,30,0,0,0,2.7689144611358643,12.042382812500026,100.24824216841812
4878,2014,7,23,6,30,21,15,129,2.518340587615967,13.656518554687526,87.33180068172726
4879,2014,7,23,7,30,226,72,557,2.517521858215332,17.119470214843773,73.98000411449605
4880,2014,7,23,8,30,469,100,745,2.8604369163513184,20.570855712890648,60.34330357174696
4881,2014,7,23,9,30,694,118,838,3.1605501174926762,22.933587646484398,46.52017890685567
4882,2014,7,23,10,30,878,129,888,3.4717531204223637,24.58504638671877,32.57548929917424
4883,2014,7,23,11,30,1003,136,914,3.7491421699523926,25.605493164062523,18.55649439888772
4884,2014,7,23,12,30,1060,140,923,3.937077522277832,26.01253662109377,4.516545901105218
4885,2014,7,23,13,30,1044,139,918,4.039626121520996,25.62313232421877,9.600469886680656
4886,2014,7,23,14,30,958,135,898,4.1918859481811515,24.446527099609398,23.64567976851059
4887,2014,7,23,15,30,808,127,860,4.3861427307128915,23.019097900390648,37.646165693609156
4888,2014,7,23,16,30,608,114,794,4.4782752990722665,21.612115478515648,51.558419273918076
4889,2014,7,23,17,30,315,158,377,4.379681587219238,19.888299560546894,65.33056751213972
4890,2014,7,23,18,30,97,76,110,4.1847572326660165,17.929254150390648,78.88857946768915
4891,2014,7,23,19,30,0,0,0,4.036181926727295,16.467492675781273,92.12021184103449
4892,2014,7,23,20,30,0,0,0,3.8489956855773926,15.58074340820315,104.83743664971641
4893,2014,7,23,21,30,0,0,0,3.6283893585205083,14.879541015625026,116.71866113779821
4894,2014,7,23,22,30,0,0,0,3.4393095970153813,14.334313964843775,127.18604724996612
4895,2014,7,23,23,30,0,0,0,3.2899179458618164,13.974267578125026,135.22781790237934
4896,2014,7,24,0,30,0,0,0,3.206411123275757,13.726220703125026,139.37087815527764
4897,2014,7,24,1,30,0,0,0,3.156821727752685,13.472192382812526,138.42986487286765
4898,2014,7,24,2,30,0,0,0,3.0590000152587886,13.182214355468775,132.70752309847
4899,2014,7,24,3,30,0,0,0,2.9005107879638667,12.88262329101565,123.6443766625658
4900,2014,7,24,4,30,0,0,0,2.734694719314575,12.574731445312526,112.57845017239237
4901,2014,7,24,5,30,0,0,0,2.5565836429595947,12.46355590820315,100.34534230245329
4902,2014,7,24,6,30,18,14,90,2.3276729583740234,13.46343383789065,87.41069235954251
4903,2014,7,24,7,30,199,91,395,2.0971834659576416,16.293817138671898,74.04390127812647
4904,2014,7,24,8,30,456,98,724,1.9289933443069456,19.971002197265648,60.39448402097254
4905,2014,7,24,9,30,677,116,816,1.7324018478393557,23.246575927734398,46.560406245695155
4906,2014,7,24,10,30,858,128,867,1.4947570562362669,25.477227783203148,32.606350872611536
4907,2014,7,24,11,30,896,395,527,1.3089487552642822,26.346063232421894,18.58046852330591
4908,2014,7,24,12,30,918,454,465,1.1357738971710205,26.138604736328148,4.552740744243522
4909,2014,7,24,13,30,749,455,297,0.9128181934356691,25.250146484375023,9.616313231511471
4910,2014,7,24,14,30,715,407,335,0.6882034540176392,24.022241210937523,23.66314784248293
4911,2014,7,24,15,30,275,258,20,0.573148250579834,22.576043701171894,37.671803822491256
4912,2014,7,24,16,30,171,167,6,0.6482347249984741,21.065850830078148,51.59419060360323
4913,2014,7,24,17,30,188,168,48,0.8964919447898865,19.594873046875023,65.37815055722618
4914,2014,7,24,18,30,57,57,0,1.1536812782287598,18.164880371093773,78.95001778131082
4915,2014,7,24,19,30,0,0,0,1.3222594261169434,17.130731201171898,92.19826806494288
4916,2014,7,24,20,30,0,0,0,1.5919847488403318,16.511132812500026,104.9358886647905
4917,2014,7,24,21,30,0,0,0,2.0034704208374023,16.036676025390648,116.8425053801725
4918,2014,7,24,22,30,0,0,0,2.311673641204834,15.62774047851565,127.3408247791464
4919,2014,7,24,23,30,0,0,0,2.4319515228271484,15.200036621093775,135.41575396402922
4920,2014,7,25,0,30,0,0,0,2.440703153610229,14.76336059570315,139.58145897959355
4921,2014,7,25,1,30,0,0,0,2.41702651977539,14.35857543945315,138.6366277712151
4922,2014,7,25,2,30,0,0,0,2.2872486114501958,13.98735961914065,132.88796298319807
4923,2014,7,25,3,30,0,0,0,2.0530040264129643,13.6459899902344,123.7929628494056
4924,2014,7,25,4,30,0,0,0,1.8546526432037356,13.2884460449219,112.6988205482131
4925,2014,7,25,5,30,0,0,0,1.7101564407348633,13.1854187011719,100.44271893002436
4926,2014,7,25,6,30,19,14,112,1.5031061172485352,14.147973632812526,87.4894284247127
4927,2014,7,25,7,30,216,70,531,1.3037776947021484,16.353295898437526,74.10736189887825
4928,2014,7,25,8,30,451,98,716,1.183933973312378,18.895135498046894,60.44507247660181
4929,2014,7,25,9,30,671,115,808,1.0339562892913818,21.004083251953148,46.60002917350846
4930,2014,7,25,10,30,851,127,859,0.8854830265045166,22.341638183593773,32.636838972225554
4931,2014,7,25,11,30,975,134,887,0.7797552943229675,23.16121826171877,18.605003577710573
4932,2014,7,25,12,30,1032,137,897,0.6864564418792725,23.64559326171877,4.597166868451438
4933,2014,7,25,13,30,882,408,481,0.5464574098587036,23.52352294921877,9.63965176093133
4934,2014,7,25,14,30,773,334,480,0.4369562864303589,22.880761718750023,23.685283137303315
4935,2014,7,25,15,30,682,270,520,0.500355064868927,22.079980468750023,37.701517133323144
4936,2014,7,25,16,30,482,251,371,0.7764180898666382,21.368554687500023,51.63387350117901
4937,2014,7,25,17,30,172,159,30,1.19732928276062,20.554742431640648,65.42965012444887
4938,2014,7,25,18,30,101,73,146,1.6233248710632324,19.408044433593773,79.01547660473472
4939,2014,7,25,19,30,0,0,0,2.015064001083374,18.336175537109398,92.28053029130392
4940,2014,7,25,20,30,0,0,0,2.3287067413330083,17.525537109375026,105.03881597420308
4941,2014,7,25,21,30,0,0,0,2.504343271255493,16.739068603515648,116.97119077375349
4942,2014,7,25,22,30,0,0,0,2.548595905303955,16.027398681640648,127.50090136312845
4943,2014,7,25,23,30,0,0,0,2.4638381004333496,15.448815917968775,135.6094139204517
4944,2014,7,26,0,30,0,0,0,2.3011062145233154,14.980187988281275,139.79770014048538
4945,2014,7,26,1,30,0,0,0,2.126436710357666,14.69671020507815,138.8480148405271
4946,2014,7,26,2,30,0,0,0,1.8679320812225344,14.581384277343775,133.07147929590386
4947,2014,7,26,3,30,0,0,0,1.559689998626709,14.386132812500026,123.94330224713659
4948,2014,7,26,4,30,0,0,0,1.352165460586548,14.1289001464844,112.82001745109358
4949,2014,7,26,5,30,0,0,0,1.2156617641448977,14.07439575195315,100.5403016180459
4950,2014,7,26,6,30,18,13,108,1.1071038246154783,14.8848815917969,87.56795756639795
4951,2014,7,26,7,30,214,70,529,1.1376750469207764,17.134088134765648,74.17035448330795
4952,2014,7,26,8,30,450,97,715,1.2281599044799805,19.927606201171894,60.495059274274944
4953,2014,7,26,9,30,671,115,809,1.137491226196289,22.029016113281273,46.639065044342296
4954,2014,7,26,10,30,852,127,861,0.9003491401672363,23.505120849609398,32.66701134846016
4955,2014,7,26,11,30,977,134,890,0.6689263582229614,24.709741210937523,18.6302421839991
4956,2014,7,26,12,30,1036,137,901,0.5093528032302856,25.426202392578148,4.650296943247525
4957,2014,7,26,13,30,1022,137,898,0.3880148231983185,25.456750488281273,9.670808969994868
4958,2014,7,26,14,30,938,133,879,0.30679017305374146,24.999200439453148,23.71223182654828
4959,2014,7,26,15,30,790,125,840,0.2752780318260193,24.332452392578148,37.73539296670065
4960,2014,7,26,16,30,591,112,773,0.2106393575668335,23.402886962890648,51.67752263929729
4961,2014,7,26,17,30,318,144,418,0.15825897455215454,22.218957519531273,65.48509750996786
4962,2014,7,26,18,30,118,66,278,0.3051625192165375,20.982965087890648,79.08496782479494
4963,2014,7,26,19,30,0,0,0,0.5498408079147339,19.921228027343773,92.36699278742685
4964,2014,7,26,20,30,0,0,0,0.6308921575546265,19.041314697265648,105.1461961154574
4965,2014,7,26,21,30,0,0,0,0.5039359331130981,18.242822265625023,117.10467929790478
4966,2014,7,26,22,30,0,0,0,0.3001691699028015,17.589196777343773,127.66622644789987
4967,2014,7,26,23,30,0,0,0,0.2273286581039429,17.010522460937526,135.80873977150117
4968,2014,7,27,0,30,0,0,0,0.40700310468673706,16.456231689453148,140.01953405609044
4969,2014,7,27,1,30,0,0,0,0.7500213384628296,15.93218383789065,139.06393515382376
4970,2014,7,27,2,30,0,0,0,1.114905595779419,15.569116210937526,133.25796430899987
4971,2014,7,27,3,30,0,0,0,1.3833415508270264,15.39470825195315,124.09529119705958
4972,2014,7,27,4,30,0,0,0,1.4857707023620603,15.155969238281275,112.94195290011172
4973,2014,7,27,5,30,0,0,0,1.4591773748397827,14.93767700195315,100.63802143945964
4974,2014,7,27,6,30,18,13,108,1.4183533191680908,15.4000183105469,87.6462304865698
4975,2014,7,27,7,30,218,70,543,1.3538992404937744,16.821649169921898,74.2328499267861
4976,2014,7,27,8,30,458,98,732,1.257279872894287,18.590722656250023,60.54443744870297
4977,2014,7,27,9,30,683,116,827,1.329161524772644,20.201806640625023,46.677534212079074
4978,2014,7,27,10,30,867,128,879,1.5370430946350098,21.865930175781273,32.69692911760343
4979,2014,7,27,11,30,994,135,906,1.708635330200195,23.39998779296877,18.656330709687225
4980,2014,7,27,12,30,1053,138,917,1.8169218301773071,24.505090332031273,4.712546396083893
4981,2014,7,27,13,30,1039,138,913,1.9049949645996092,25.013146972656273,9.710087014392274
4982,2014,7,27,14,30,953,134,895,2.090860366821289,24.602563476562523,23.74413533404711
4983,2014,7,27,15,30,803,125,857,2.343425035476685,23.60164794921877,37.77351511890135
4984,2014,7,27,16,30,602,112,789,2.466858386993408,22.472772216796894,51.72518940678719
4985,2014,7,27,17,30,370,92,671,2.444861888885498,21.047875976562523,65.5445208054976
4986,2014,7,27,18,30,139,54,450,2.4287610054016118,19.378106689453148,79.15850015614998
4987,2014,7,27,19,30,0,0,0,2.400448799133301,18.169519042968773,92.45764667760143
4988,2014,7,27,20,30,0,0,0,2.2596120834350586,17.434960937500026,105.25800353488785
4989,2014,7,27,21,30,0,0,0,2.09137225151062,16.826074218750026,117.24292995918164
4990,2014,7,27,22,30,0,0,0,1.9442179203033447,16.306359863281273,127.83674678867412
4991,2014,7,27,23,30,0,0,0,1.7467607259750366,15.831201171875026,136.0136714027746
4992,2014,7,28,0,30,0,0,0,1.5149716138839722,15.372399902343775,140.2468915845924
4993,2014,7,28,1,30,0,0,0,1.3087546825408936,14.950463867187526,139.28429619091185
4994,2014,7,28,2,30,0,0,0,1.1589007377624512,14.55547485351565,133.44730914617188
4995,2014,7,28,3,30,0,0,0,1.1446369886398315,14.1545349121094,124.24882594660936
4996,2014,7,28,4,30,0,0,0,1.213581085205078,14.0176940917969,113.06453979013342
4997,2014,7,28,5,30,0,0,0,1.169262170791626,14.241479492187526,100.73581103970986
4998,2014,7,28,6,30,17,13,106,1.0721259117126465,15.085717773437526,87.7241999438833
4999,2014,7,28,7,30,218,70,544,1.127185583114624,16.980920410156273,74.2948215318357
5000,2014,7,28,8,30,458,98,732,1.214434027671814,19.025292968750023,60.593202723864316
5001,2014,7,28,9,30,682,116,825,1.2174798250198364,20.458337402343773,46.71545998632944
5002,2014,7,28,10,30,865,127,877,1.2449159622192385,21.608239746093773,32.72665666275106
5003,2014,7,28,11,30,992,134,905,1.3554213047027588,22.541375732421894,18.683418974673263
5004,2014,7,28,12,30,1051,138,916,1.506744384765625,23.28670654296877,4.784267935417745
5005,2014,7,28,13,30,1038,137,914,1.6295206546783447,24.01131591796877,9.757764088616412
5006,2014,7,28,14,30,954,133,896,1.7675130367279053,24.373468017578148,23.781129862385697
5007,2014,7,28,15,30,628,351,351,1.9624340534210205,24.115350341796894,37.81596363768785
5008,2014,7,28,16,30,474,266,335,2.2299609184265137,23.150811767578148,51.77692179703326
5009,2014,7,28,17,30,219,178,100,2.5397186279296875,21.368096923828148,65.60794483502275
5010,2014,7,28,18,30,88,74,78,2.8622117042541504,19.179589843750023,79.23607910878779
5011,2014,7,28,19,30,0,0,0,3.1270670890808105,17.447167968750026,92.55247993218984
5012,2014,7,28,20,30,0,0,0,3.2261991500854488,16.286523437500026,105.37420959153962
5013,2014,7,28,21,30,0,0,0,3.1917695999145512,15.322717285156275,117.38589880382284
5014,2014,7,28,22,30,0,0,0,3.0990259647369385,14.6027770996094,128.01240646646374
5015,2014,7,28,23,30,0,0,0,2.9854469299316406,14.06109008789065,136.22414661084576
5016,2014,7,29,0,30,0,0,0,2.815307140350342,13.869165039062526,140.47970206014242
5017,2014,7,29,1,30,0,0,0,2.5896496772766118,13.904138183593775,139.5090038682201
5018,2014,7,29,2,30,0,0,0,2.400331258773804,13.779443359375026,133.63940383909366
5019,2014,7,29,3,30,0,0,0,2.2856128215789795,13.5628601074219,124.40380273289392
5020,2014,7,29,4,30,0,0,0,2.1923480033874507,13.3420349121094,113.18769197404879
5021,2014,7,29,5,30,0,0,0,2.0814528465271,13.212426757812526,100.83360470130805
5022,2014,7,29,6,30,16,12,101,2.0229246616363525,14.004724121093775,87.80182079476135
5023,2014,7,29,7,30,216,70,541,1.9484167098999023,16.467950439453148,74.35624502337781
5024,2014,7,29,8,30,456,98,730,1.7954673767089844,19.977166748046894,60.641353500129
5025,2014,7,29,9,30,680,115,824,1.5730130672454834,23.472772216796894,46.7528685851095
5026,2014,7,29,10,30,863,127,875,1.3000208139419556,26.28035888671877,32.756261529856346
5027,2014,7,29,11,30,988,134,901,1.1159632205963137,28.211480712890648,18.711659940375256
5028,2014,7,29,12,30,1045,137,911,1.0446608066558838,29.318719482421894,4.86574790706662
5029,2014,7,29,13,30,1030,137,906,0.9804999232292176,29.258843994140648,9.814092070085053
5030,2014,7,29,14,30,792,351,481,0.925739288330078,27.996484375000023,23.823345933774235
5031,2014,7,29,15,30,168,160,10,1.0159564018249512,26.100793457031273,37.862814624991984
5032,2014,7,29,16,30,248,231,26,1.3068113327026367,24.239648437500023,51.83276430168307
5033,2014,7,29,17,30,145,142,8,1.7044198513031006,22.356195068359398,65.67539109592843
5034,2014,7,29,18,30,96,71,134,2.108030080795288,20.236352539062523,79.31770695929076
5035,2014,7,29,19,30,0,0,0,2.436314821243286,18.419458007812523,92.65147735985498
5036,2014,7,29,20,30,0,0,0,2.657271146774292,17.169763183593773,105.49478256348714
5037,2014,7,29,21,30,0,0,0,2.8201451301574707,16.453668212890648,117.5335389316458
5038,2014,7,29,22,30,0,0,0,2.879094362258911,16.118310546875026,128.19314690497887
5039,2014,7,29,23,30,0,0,0,2.8268523216247563,15.890405273437526,136.44010112842835
5040,2014,7,30,0,30,0,0,0,2.724555015563965,15.66887817382815,140.71789332892746
5041,2014,7,30,1,30,0,0,0,2.5895230770111084,15.4484802246094,139.73796256837207
5042,2014,7,30,2,30,0,0,0,2.3814005851745605,15.260705566406275,133.83413738508114
5043,2014,7,30,3,30,0,0,0,2.0974168777465816,15.106286621093775,124.56011786696374
5044,2014,7,30,4,30,0,0,0,1.8136918544769287,15.001428222656275,113.31132434432286
5045,2014,7,30,5,30,0,0,0,1.5730619430541992,14.99419555664065,100.93133840654215
5046,2014,7,30,6,30,15,11,92,1.371895432472229,15.49651489257815,87.87905003191669
5047,2014,7,30,7,30,210,69,525,1.099730134010315,17.110467529296898,74.4170985610495
5048,2014,7,30,8,30,446,96,714,0.7743275165557861,19.506158447265648,60.688890838198034
5049,2014,7,30,9,30,668,114,810,0.5769939422607422,21.884698486328148,46.78978908392765
5050,2014,7,30,10,30,851,125,863,0.5507714748382568,24.124047851562523,32.785814318763165
5051,2014,7,30,11,30,978,133,892,0.5879265069961548,26.156488037109398,18.74120938129198
5052,2014,7,30,12,30,1037,136,904,0.5457950830459595,27.49813232421877,4.9572046252483934
5053,2014,7,30,13,30,924,421,510,0.4085580110549927,28.055139160156273,9.87929448796298
5054,2014,7,30,14,30,939,132,882,0.22919395565986636,27.793176269531273,23.870907946546307
5055,2014,7,30,15,30,791,124,845,0.17208951711654666,26.750054931640648,37.91414004751304
5056,2014,7,30,16,30,411,284,206,0.3846482336521149,25.52327880859377,51.89275781022162
5057,2014,7,30,17,30,281,166,280,0.6574463248252869,24.295068359375023,65.74687770475853
5058,2014,7,30,18,30,104,69,191,0.8286786079406738,22.969781494140648,79.40338272582198
5059,2014,7,30,19,30,0,0,0,1.0432257652282717,21.656549072265648,92.75462060270023
5060,2014,7,30,20,30,0,0,0,1.3250881433486938,20.359002685546894,105.61968765628453
5061,2014,7,30,21,30,0,0,0,1.5566790103912354,19.181878662109398,117.68580051131966
5062,2014,7,30,22,30,0,0,0,1.6696981191635132,18.252465820312523,128.37890688805106
5063,2014,7,30,23,30,0,0,0,1.637418508529663,17.525567626953148,136.6614686495083
5064,2014,7,31,0,30,0,0,0,1.479405641555786,16.912774658203148,140.96139178533988
5065,2014,7,31,1,30,0,0,0,1.2327150106430054,16.340081787109398,139.971075169588
5066,2014,7,31,2,30,0,0,0,0.8895927667617798,15.7171569824219,134.03139780589942
5067,2014,7,31,3,30,0,0,0,0.5303829908370972,14.973779296875026,124.71766781873433
5068,2014,7,31,4,30,0,0,0,0.4089221954345703,14.311608886718775,113.43535291367779
5069,2014,7,31,5,30,0,0,0,0.552397608757019,14.42766723632815,101.02894989809307
5070,2014,7,31,6,30,15,11,93,0.7858483791351318,15.788415527343775,87.95584682024756
5071,2014,7,31,7,30,214,69,539,1.0087869167327879,18.183129882812523,74.47736274856051
5072,2014,7,31,8,30,363,201,332,0.9820362329483032,20.620965576171894,60.73581843994806
5073,2014,7,31,9,30,679,114,824,0.6275622844696045,22.685083007812523,46.82625336150242
5074,2014,7,31,10,30,863,126,877,0.4418140053749085,25.046594238281273,32.815388569058904
5075,2014,7,31,11,30,991,133,905,0.6637231111526489,27.68319091796877,18.7722255387434
5076,2014,7,31,12,30,1051,137,917,0.9768604040145874,29.392724609375023,5.058776001160809
5077,2014,7,31,13,30,889,447,448,1.1922013759613037,29.658807373046894,9.953564866797592
5078,2014,7,31,14,30,813,377,476,1.3222130537033079,29.111230468750023,23.92393375008655
5079,2014,7,31,15,30,597,364,295,1.3633527755737305,28.092462158203148,37.970007555617826
5080,2014,7,31,16,30,266,245,34,1.3001739978790283,26.692987060546894,51.956939515534074
5081,2014,7,31,17,30,284,166,288,1.166762113571167,25.130395507812523,65.82241934789634
5082,2014,7,31,18,30,117,63,293,1.0511194467544556,23.472131347656273,79.49310214708848
5083,2014,7,31,19,30,0,0,0,1.0393894910812378,21.990960693359398,92.86188813451105
5084,2014,7,31,20,30,0,0,0,1.0081584453582764,20.841638183593773,105.7488870136028
5085,2014,7,31,21,30,0,0,0,0.8437308073043823,19.845727539062523,117.84263079686147
5086,2014,7,31,22,30,0,0,0,0.6917481422424316,19.037652587890648,128.56962257723882
5087,2014,7,31,23,30,0,0,0,0.6903066635131836,18.326287841796894,136.88818085425476
5088,2014,8,1,0,30,0,0,0,0.8006172180175781,17.598748779296898,141.21012240820008
5089,2014,8,1,1,30,0,0,0,0.8935515880584717,16.807641601562526,140.2082430746893
5090,2014,8,1,2,30,0,0,0,0.9193122386932372,16.042810058593773,134.23107220747679
5091,2014,8,1,3,30,0,0,0,0.9710752367973328,15.35674438476565,124.87634930253712
5092,2014,8,1,4,30,0,0,0,1.107938528060913,14.706262207031275,113.55969489497423
5093,2014,8,1,5,30,0,0,0,1.254765272140503,14.50737915039065,101.12637873778887
5094,2014,8,1,6,30,14,11,90,1.2959202527999878,15.5787292480469,88.03217252993973
5095,2014,8,1,7,30,214,69,544,1.3502249717712402,17.749230957031273,74.53702064005586
5096,2014,8,1,8,30,457,97,736,1.297995924949646,20.471948242187523,60.78214262614237
5097,2014,8,1,9,30,683,115,831,0.9462155103683472,23.185968017578148,46.86229604202549
5098,2014,8,1,10,30,869,126,883,0.6008322238922119,25.497979736328148,32.845060640789214
5099,2014,8,1,11,30,996,133,911,0.7091137170791626,27.353051757812523,18.804868757115262
5100,2014,8,1,12,30,1055,137,922,1.1179742813110352,28.499932861328148,5.1705721330575765
5101,2014,8,1,13,30,1041,136,919,1.4395761489868164,28.856347656250023,10.037065483674766
5102,2014,8,1,14,30,955,132,900,1.7163244485855105,28.462701416015648,23.982534241582908
5103,2014,8,1,15,30,804,124,863,1.9955209493637085,27.431207275390648,38.03048031162375
5104,2014,8,1,16,30,601,111,796,2.2645103931427,25.931054687500023,52.02534282571187
5105,2014,8,1,17,30,212,175,92,2.510363817214966,23.89559326171877,65.90202723681845
5106,2014,8,1,18,30,134,52,456,2.80281662940979,21.434259033203148,79.58685766487194
5107,2014,8,1,19,30,0,0,0,3.0992376804351807,19.416558837890648,92.97325526187409
5108,2014,8,1,20,30,0,0,0,3.2894744873046875,17.919763183593773,105.88233973010806
5109,2014,8,1,21,30,0,0,0,3.337875366210937,16.593011474609398,118.00397414548357
5110,2014,8,1,22,30,0,0,0,3.225780963897705,15.553247070312526,128.76522752977414
5111,2014,8,1,23,30,0,0,0,3.032246828079224,14.711145019531275,137.12016743365405
5112,2014,8,2,0,30,0,0,0,2.8481273651123047,13.945520019531275,141.46400879700178
5113,2014,8,2,1,30,0,0,0,2.6906874179840092,13.2582946777344,140.44936623994477
5114,2014,8,2,2,30,0,0,0,2.483022689819336,12.86968383789065,134.43304684093297
5115,2014,8,2,3,30,0,0,0,2.180927038192749,12.934716796875026,125.03605936330263
5116,2014,8,2,4,30,0,0,0,1.8917698860168457,13.0611511230469,113.6842687800592
5117,2014,8,2,5,30,0,0,0,1.6936612129211426,12.995507812500026,101.2235663630387
5118,2014,8,2,6,30,14,11,90,1.5590050220489502,14.1544128417969,88.1079907669808
5119,2014,8,2,7,30,218,70,557,1.399882197380066,17.591973876953148,74.59605774362522
5120,2014,8,2,8,30,463,97,750,1.29339337348938,21.942132568359398,60.827872311180755
5121,2014,8,2,9,30,692,115,844,1.295254468917847,25.372521972656273,46.89795443408521
5122,2014,8,2,10,30,879,127,895,1.4413514137268066,27.514062500000023,32.87490958992536
5123,2014,8,2,11,30,1008,134,923,1.8492777347564695,28.69222412109377,18.839301102897792
5124,2014,8,2,12,30,1067,137,933,2.4386096000671387,28.966546630859398,5.2926038094515215
5125,2014,8,2,13,30,1051,136,928,3.057697534561157,28.54549560546877,10.129926563777216
5126,2014,8,2,14,30,962,132,908,3.6566863059997563,27.585198974609398,24.046812987234432
5127,2014,8,2,15,30,808,124,868,4.208817481994629,26.109399414062523,38.095616827886545
5128,2014,8,2,16,30,602,111,800,4.64045524597168,24.090447998046894,52.09799728245962
5129,2014,8,2,17,30,366,90,678,4.793548583984375,21.577935791015648,65.98570906846037
5130,2014,8,2,18,30,133,51,457,4.6262168884277335,19.066339111328148,79.68463841064235
5131,2014,8,2,19,30,0,0,0,4.3736515045166025,17.301141357421898,93.08869412832007
5132,2014,8,2,20,30,0,0,0,4.152968406677246,16.198205566406273,106.0200018663495
5133,2014,8,2,21,30,0,0,0,3.950108051300049,15.3153015136719,118.16977203656113
5134,2014,8,2,22,30,0,0,0,3.741463422775269,14.528894042968775,128.96565271665304
5135,2014,8,2,23,30,0,0,0,3.5027098655700684,13.82463989257815,137.3573561138987
5136,2014,8,3,0,30,0,0,0,3.2560701370239262,13.2065368652344,141.72297320811182
5137,2014,8,3,1,30,0,0,0,3.031982898712158,12.61821899414065,140.69434320346096
5138,2014,8,3,2,30,0,0,0,2.776054859161377,12.165917968750026,134.63720716464465
5139,2014,8,3,3,30,0,0,0,2.453718662261963,11.891442871093775,125.19669546333105
5140,2014,8,3,4,30,0,0,0,2.1207625865936284,11.6856628417969,113.80899441760391
5141,2014,8,3,5,30,0,0,0,1.8163692951202397,11.904321289062526,101.32045614117796
5142,2014,8,3,6,30,13,10,83,1.5232887268066406,14.033105468750026,88.1832674007168
5143,2014,8,3,7,30,213,69,545,1.4418540000915527,17.957482910156273,74.65446202166021
5144,2014,8,3,8,30,456,96,737,1.6893246173858645,21.489770507812523,60.873018974547755
5145,2014,8,3,9,30,681,114,831,2.0703568458557133,23.908868408203148,46.93326846605286
5146,2014,8,3,10,30,866,125,881,2.497663974761963,25.57503662109377,32.90501703848549
5147,2014,8,3,11,30,992,132,908,2.9353296756744385,26.663934326171894,18.875685967028105
5148,2014,8,3,12,30,1049,136,917,3.2833566665649414,27.187799072265648,5.424837475431559
5149,2014,8,3,13,30,1033,135,912,3.487355947494507,27.129296875000023,10.232245925437569
5150,2014,8,3,14,30,945,131,892,3.639640331268311,26.58895263671877,24.11686587094222
5151,2014,8,3,15,30,794,123,853,3.8249030113220215,25.482049560546894,38.16547081556705
5152,2014,8,3,16,30,592,109,787,4.0084314346313485,23.844232177734398,52.17492848614586
5153,2014,8,3,17,30,359,89,666,4.050028324127196,21.715325927734398,66.07346899042854
5154,2014,8,3,18,30,129,50,444,3.946488857269287,19.360345458984398,79.78643019583497
5155,2014,8,3,19,30,0,0,0,3.8624942302703857,17.616082763671898,93.20817372141431
5156,2014,8,3,20,30,0,0,0,3.789216041564941,16.491021728515648,106.16182646585258
5157,2014,8,3,21,30,0,0,0,3.658661842346192,15.500695800781275,118.33996309187185
5158,2014,8,3,22,30,0,0,0,3.497572898864746,14.638452148437526,129.17082654087298
5159,2014,8,3,23,30,0,0,0,3.329497575759888,13.9404235839844,137.59967268025792
5160,2014,8,4,0,30,0,0,0,3.166178703308105,13.378503417968775,141.98693659093084
5161,2014,8,4,1,30,0,0,0,2.9891436100006104,13.03594360351565,140.9430711133664
5162,2014,8,4,2,30,0,0,0,2.7471261024475098,12.85418090820315,134.84343790760516
5163,2014,8,4,3,30,0,0,0,2.5267105102539062,12.44158325195315,125.35815556946716
5164,2014,8,4,4,30,0,0,0,2.4655320644378658,11.876794433593775,113.93379308970655
5165,2014,8,4,5,30,0,0,0,2.4388370513916016,11.845239257812526,101.41699342152604
5166,2014,8,4,6,30,12,10,77,2.2797632217407227,13.579187011718775,88.25797058872969
5167,2014,8,4,7,30,211,68,541,2.2816684246063232,17.073999023437526,74.71222388835923
5168,2014,8,4,8,30,454,96,735,2.420540332794189,20.505181884765648,60.917596629430406
5169,2014,8,4,9,30,680,113,830,2.467655658721924,23.130914306640648,46.96828061810575
5170,2014,8,4,10,30,866,125,882,2.578097343444824,25.167779541015648,32.935467039333986
5171,2014,8,4,11,30,992,132,909,2.761563301086426,26.566430664062523,18.914187651357427
5172,2014,8,4,12,30,1050,135,919,2.955610990524292,27.30355224609377,5.567188771313411
5173,2014,8,4,13,30,1035,135,914,3.1313376426696777,27.39241943359377,10.34408907009653
5174,2014,8,4,14,30,948,131,895,3.3118739128112797,26.85994873046877,24.19278077269733
5175,2014,8,4,15,30,796,122,857,3.523122310638428,25.689935302734398,38.240091044540954
5176,2014,8,4,16,30,592,109,788,3.716021060943604,23.960961914062523,52.25615802790707
5177,2014,8,4,17,30,357,89,665,3.735315561294556,21.899560546875023,66.16530757132142
5178,2014,8,4,18,30,127,50,440,3.639338254928589,19.708947753906273,79.89221550591319
5179,2014,8,4,19,30,0,0,0,3.541693210601806,18.025079345703148,93.33165988252267
5180,2014,8,4,20,30,0,0,0,3.397946834564209,16.966394042968773,106.30776357402705
5181,2014,8,4,21,30,0,0,0,3.20352554321289,16.144891357421898,118.51448309676924
5182,2014,8,4,22,30,0,0,0,2.95356559753418,15.51250610351565,129.38067485567655
5183,2014,8,4,23,30,0,0,0,2.668789386749268,14.916711425781275,137.8470410005027
5184,2014,8,5,0,30,0,0,0,2.3911283016204834,14.5018249511719,142.2558186238993
5185,2014,8,5,1,30,0,0,0,2.12318754196167,14.433190917968775,141.19544575559337
5186,2014,8,5,2,30,0,0,0,1.9788361787796018,14.4684997558594,135.0516231341467
5187,2014,8,5,3,30,0,0,0,1.946489930152893,14.3420349121094,125.5203382410334
5188,2014,8,5,4,30,0,0,0,1.9018865823745728,14.032067871093775,114.05858758745285
5189,2014,8,5,5,30,0,0,0,1.8631939888000488,13.921533203125026,101.51312558514765
5190,2014,8,5,6,30,11,9,72,1.7472251653671265,14.864587402343775,88.33207079886152
5191,2014,8,5,7,30,209,68,537,1.604768991470337,17.502038574218773,74.76933620428743
5192,2014,8,5,8,30,451,96,732,1.5550448894500732,21.027856445312523,60.961621788178384
5193,2014,8,5,9,30,677,113,827,1.5858182907104492,24.20638427734377,47.003035850888814
5194,2014,8,5,10,30,863,125,880,1.7456144094467163,26.444116210937523,32.96634593567591
5195,2014,8,5,11,30,991,132,909,2.0125248432159424,27.699212646484398,18.954970940277647
5196,2014,8,5,12,30,1051,135,920,2.289088249206543,28.234796142578148,5.719529044148885
5197,2014,8,5,13,30,1036,135,916,2.5590291023254395,28.052606201171894,10.465489698998084
5198,2014,8,5,14,30,948,130,897,2.91545033454895,26.872491455078148,24.27463727912664
5199,2014,8,5,15,30,796,122,858,3.3660056591033936,24.76741943359377,38.31952121482284
5200,2014,8,5,16,30,591,109,789,3.722172737121582,22.506799316406273,52.341703428537244
5201,2014,8,5,17,30,357,88,666,3.805817127227783,20.296350097656273,66.26122177589535
5202,2014,8,5,18,30,126,49,444,3.5655422210693364,18.231225585937523,80.00197349828076
5203,2014,8,5,19,30,0,0,0,3.2086918354034424,16.764062500000026,93.45911531969395
5204,2014,8,5,20,30,0,0,0,2.9041881561279297,15.79729614257815,106.45776025929442
5205,2014,8,5,21,30,0,0,0,2.6521425247192383,15.1047302246094,118.69326502263792
5206,2014,8,5,22,30,0,0,0,2.418978214263916,14.5767761230469,129.59512098285737
5207,2014,8,5,23,30,0,0,0,2.1285233497619633,14.114404296875026,138.09938304773806
5208,2014,8,6,0,30,0,0,0,1.7980146408081057,13.6829772949219,142.52953775040737
5209,2014,8,6,1,30,0,0,0,1.5192890167236328,13.248803710937526,141.45136158135728
5210,2014,8,6,2,30,0,0,0,1.317781925201416,12.843774414062526,135.26164630991872
5211,2014,8,6,3,30,0,0,0,1.1637067794799805,12.494226074218775,125.68314271790504
5212,2014,8,6,4,30,0,0,0,1.0766634941101074,12.157250976562526,114.18330228497831
5213,2014,8,6,5,30,0,0,0,1.0064232349395752,12.37114868164065,101.60880209220488
5214,2014,8,6,6,30,11,9,69,0.8394225835800171,14.011682128906275,88.40554082836155
5215,2014,8,6,7,30,209,68,538,0.7177478075027466,17.217218017578148,74.82579426784503
5216,2014,8,6,8,30,451,95,733,0.7270359396934509,21.009301757812523,61.005113424678285
5217,2014,8,6,9,30,678,113,829,0.7301219701766968,24.110589599609398,47.037581530677286
5218,2014,8,6,10,30,863,124,880,0.7084990739822388,26.379510498046894,32.99774221509232
5219,2014,8,6,11,30,990,131,908,0.6725175380706787,28.056817626953148,18.998200658589226
5220,2014,8,6,12,30,803,436,368,0.642611026763916,28.747186279296894,5.88169206492971
5221,2014,8,6,13,30,257,234,22,0.6772735118865967,28.302209472656273,10.59645062538101
5222,2014,8,6,14,30,235,217,19,0.7145785689353943,27.122369384765648,24.3625064281471
5223,2014,8,6,15,30,535,377,201,0.7859383821487427,25.425805664062523,38.40379984048002
5224,2014,8,6,16,30,233,220,21,1.0015416145324707,23.739678955078148,52.431578084919224
5225,2014,8,6,17,30,219,171,118,1.2552917003631592,22.433862304687523,66.36120494549479
5226,2014,8,6,18,30,3,3,0,1.4516324996948242,21.020898437500023,80.11568000385891
5227,2014,8,6,19,30,0,0,0,1.618339776992798,19.694177246093773,93.59049962299429
5228,2014,8,6,20,30,0,0,0,1.8048328161239624,18.624597167968773,106.61176063591951
5229,2014,8,6,21,30,0,0,0,1.9519097805023196,17.684381103515648,118.87623905017134
5230,2014,8,6,22,30,0,0,0,1.9707262516021729,17.023370361328148,129.81408573094734
5231,2014,8,6,23,30,0,0,0,1.9168839454650881,16.537622070312526,138.3566189225608
5232,2014,8,7,0,30,0,0,0,1.865570306777954,16.090631103515648,142.80801121448297
5233,2014,8,7,1,30,0,0,0,1.7989871501922607,15.619409179687526,141.71071173429075
5234,2014,8,7,2,30,0,0,0,1.689586877822876,15.201623535156275,135.47339036937703
5235,2014,8,7,3,30,0,0,0,1.5623390674591064,14.83818969726565,125.84646900918649
5236,2014,8,7,4,30,0,0,0,1.4736193418502808,14.529077148437526,114.30786321225132
5237,2014,8,7,5,30,0,0,0,1.4367015361785889,14.4168640136719,101.70397452687864
5238,2014,8,7,6,30,0,0,0,1.3922016620635986,14.9229675292969,88.47835582016971
5239,2014,8,7,7,30,7,7,0,1.4360191822052002,16.296899414062526,74.88159580395077
5240,2014,8,7,8,30,318,213,215,1.5312852859497068,18.107476806640648,61.04809293396409
5241,2014,8,7,9,30,462,320,208,1.5261549949645996,20.036004638671894,47.07196735126272
5242,2014,8,7,10,30,572,407,196,1.4507176876068115,21.839196777343773,33.02974635834205
5243,2014,8,7,11,30,752,413,358,1.3334404230117798,23.296502685546894,19.04404121717549
5244,2014,8,7,12,30,785,441,345,1.2502593994140625,24.328149414062523,6.053480654769032
5245,2014,8,7,13,30,788,439,355,1.254565715789795,24.735070800781273,10.73694504016308
5246,2014,8,7,14,30,721,402,350,1.3350887298583984,24.461206054687523,24.45645048934908
5247,2014,8,7,15,30,692,271,538,1.4005229473114014,23.666375732421894,38.49296014581184
5248,2014,8,7,16,30,455,261,319,1.4064552783966064,22.636651611328148,52.52579122343207
5249,2014,8,7,17,30,295,147,369,1.415464162826538,21.442010498046894,66.46524678328744
5250,2014,8,7,18,30,50,50,0,1.4516642093658447,20.344995117187523,80.23330753240118
5251,2014,8,7,19,30,0,0,0,1.6366627216339111,19.454492187500023,93.72576928286692
5252,2014,8,7,20,30,0,0,0,1.992319703102112,18.494378662109398,106.76970588889877
5253,2014,8,7,21,30,0,0,0,2.307333469390869,17.397210693359398,119.0633325938102
5254,2014,8,7,22,30,0,0,0,2.5177593231201167,16.297052001953148,130.03748741332328
5255,2014,8,7,23,30,0,0,0,2.678375244140625,15.471398925781275,138.61866687450322
5256,2014,8,8,0,30,0,0,0,2.766318321228028,14.96087036132815,143.0911550962899
5257,2014,8,8,1,30,0,0,0,2.741352081298828,14.662744140625026,141.97338807721394
5258,2014,8,8,2,30,0,0,0,2.5660738945007324,14.5482116699219,135.68673778469878
5259,2014,8,8,3,30,0,0,0,2.282057285308838,14.51458129882815,126.01021798208893
5260,2014,8,8,4,30,0,0,0,1.9948973655700684,14.31670532226565,114.4321981262656
5261,2014,8,8,5,30,0,0,0,1.726921558380127,14.16387329101565,101.79859663975441
5262,2014,8,8,6,30,4,4,0,1.4047824144363403,14.72503051757815,88.5504932762734
5263,2014,8,8,7,30,94,89,19,1.2304726839065552,16.331292724609398,74.9367409495984
5264,2014,8,8,8,30,443,94,721,1.283192753791809,18.265954589843773,61.09058408848929
5265,2014,8,8,9,30,668,111,817,1.3481035232543943,20.025964355468773,47.106245252318146
5266,2014,8,8,10,30,852,123,869,1.4501191377639768,21.695703125000023,33.062450682707784
5267,2014,8,8,11,30,805,358,473,1.632335901260376,23.046868896484398,19.092656148220485
5268,2014,8,8,12,30,1037,133,908,1.84574556350708,23.79476318359377,6.2346729845120885
5269,2014,8,8,13,30,1022,133,905,2.0518674850463867,23.745965576171894,10.886918080931594
5270,2014,8,8,14,30,934,129,885,2.286003589630127,23.054895019531273,24.55652278138534
5271,2014,8,8,15,30,588,354,299,2.505451202392578,21.976007080078148,38.587029974722014
5272,2014,8,8,16,30,237,223,23,2.4863405227661133,20.847131347656273,52.624347860992785
5273,2014,8,8,17,30,207,168,98,2.339313507080078,19.649072265625023,66.57333334478366
5274,2014,8,8,18,30,8,8,0,2.4098095893859863,18.439263916015648,80.3548252814
5275,2014,8,8,19,30,0,0,0,2.634617328643799,17.579339599609398,93.86487771093964
5276,2014,8,8,20,30,0,0,0,2.7489070892333984,16.962915039062526,106.93153430055132
5277,2014,8,8,21,30,0,0,0,2.696793556213379,16.439996337890648,119.25447032696978
5278,2014,8,8,22,30,0,0,0,2.545781135559082,16.044061279296898,130.26524186609592
5279,2014,8,8,23,30,0,0,0,2.357218742370605,15.76555786132815,138.88544332258616
5280,2014,8,9,0,30,0,0,0,2.159839868545532,15.557458496093775,143.3788843473709
5281,2014,8,9,1,30,0,0,0,1.920769214630127,15.3515563964844,142.23928121867343
5282,2014,8,9,2,30,0,0,0,1.6403998136520386,15.13274536132815,135.90157063632125
5283,2014,8,9,3,30,0,0,0,1.3457021713256836,14.937097167968775,126.17429145117049
5284,2014,8,9,4,30,0,0,0,1.114995002746582,14.7817321777344,114.55623658069784
5285,2014,8,9,5,30,0,0,0,1.0368211269378662,14.866540527343775,101.8926243876281
5286,2014,8,9,6,30,9,7,54,1.0055716037750244,15.70671997070315,88.6219330681288
5287,2014,8,9,7,30,202,66,524,0.902857542037964,17.299676513671898,74.99123223661698
5288,2014,8,9,8,30,82,82,0,0.8402913212776184,19.242517089843773,61.132612991793145
5289,2014,8,9,9,30,328,291,53,0.9000476598739624,21.398217773437523,47.14046933462895
5290,2014,8,9,10,30,852,123,869,1.0156676769256592,23.674462890625023,33.09594918031963
5291,2014,8,9,11,30,978,130,898,1.1434584856033323,25.649316406250023,19.14420763171566
5292,2014,8,9,12,30,1037,133,909,1.2663918733596802,26.46614990234377,6.425028376653741
5293,2014,8,9,13,30,1022,133,905,1.3730709552764893,25.938745117187523,11.046288648624838
5294,2014,8,9,14,30,934,128,886,1.4667954444885254,24.584100341796894,24.662767527332374
5295,2014,8,9,15,30,499,376,156,1.4859726428985596,23.202752685546894,38.686031713106686
5296,2014,8,9,16,30,470,245,371,1.3525187969207764,22.226373291015648,52.72724877333322
5297,2014,8,9,17,30,184,161,57,1.0474917888641355,21.291986083984398,66.6854470330873
5298,2014,8,9,18,30,48,48,0,0.6415755152702332,20.166497802734398,80.48019914860159
5299,2014,8,9,19,30,0,0,0,0.4382598996162415,19.182092285156273,94.00777526353113
5300,2014,8,9,20,30,0,0,0,0.7240235805511475,18.406335449218773,107.09718127895002
5301,2014,8,9,21,30,0,0,0,1.1840550899505615,17.690545654296898,119.44957420823984
5302,2014,8,9,22,30,0,0,0,1.4067442417144775,17.153131103515648,130.4972624657678
5303,2014,8,9,23,30,0,0,0,1.425299882888794,16.754327392578148,139.15686287498266
5304,2014,8,10,0,30,0,0,0,1.3945906162261963,16.407067871093773,143.67111282561746
5305,2014,8,10,1,30,0,0,0,1.3988274335861206,16.077142333984398,142.50828053906358
5306,2014,8,10,2,30,0,0,0,1.4131662845611572,15.767541503906275,136.1177706850443
5307,2014,8,10,3,30,0,0,0,1.4565470218658447,15.360314941406275,126.33859226769607
5308,2014,8,10,4,30,0,0,0,1.5321838855743408,14.853662109375026,114.67990999390129
5309,2014,8,10,5,30,0,0,0,1.5534214973449707,14.48064575195315,101.98601597077364
5310,2014,8,10,6,30,5,5,5,1.5500504970550537,14.84111938476565,88.69265744423963
5311,2014,8,10,7,30,127,101,101,1.5513432025909424,16.262078857421898,75.0450745714468
5312,2014,8,10,8,30,279,215,132,1.522276520729065,18.312951660156273,61.174208028993455
5313,2014,8,10,9,30,422,323,146,1.4781761169433594,20.540429687500023,47.17469577181541
5314,2014,8,10,10,30,708,313,472,1.463465452194214,22.631066894531273,33.13033735113482
5315,2014,8,10,11,30,981,130,901,1.491400957107544,24.240014648437523,19.198856015589016
5316,2014,8,10,12,30,1040,133,913,1.5492398738861084,24.98885498046877,6.624292500441443
5317,2014,8,10,13,30,1025,132,909,1.6839921474456787,24.911096191406273,11.214951413721368
5318,2014,8,10,14,30,936,128,889,1.9827802181243896,24.25325927734377,24.7752197485148
5319,2014,8,10,15,30,783,120,850,2.3997483253479004,23.158929443359398,38.78998222466515
5320,2014,8,10,16,30,580,107,782,2.7967967987060547,21.729882812500023,52.83449047074116
5321,2014,8,10,17,30,346,86,658,3.0455536842346187,19.982781982421894,66.80156659924596
5322,2014,8,10,18,30,117,45,437,3.259373188018799,18.204949951171894,80.60939174811986
5323,2014,8,10,19,30,0,0,0,3.479372501373291,16.826257324218773,94.15440926776913
5324,2014,8,10,20,30,0,0,0,3.593901872634888,15.8605895996094,107.26657938812436
5325,2014,8,10,21,30,0,0,0,3.6321985721588135,15.180017089843775,119.64856350853913
5326,2014,8,10,22,30,0,0,0,3.566922664642334,14.68901977539065,130.7334601467187
5327,2014,8,10,23,30,0,0,0,3.4857006072998047,14.220117187500026,139.43283834772794
5328,2014,8,11,0,30,0,0,0,3.4825892448425293,13.793054199218775,143.9677533299341
5329,2014,8,11,1,30,0,0,0,3.4917638301849365,13.445825195312526,142.78027421655952
5330,2014,8,11,2,30,0,0,0,3.3942580223083496,13.14458618164065,136.33521944586116
5331,2014,8,11,3,30,0,0,0,3.1800503730773926,12.86687622070315,126.50302440915543
5332,2014,8,11,4,30,0,0,0,2.952976703643799,12.626672363281275,114.80315171496937
5333,2014,8,11,5,30,0,0,0,2.754075050354004,12.571740722656275,102.078731867344
5334,2014,8,11,6,30,6,5,18,2.519714832305908,13.50786743164065,88.76265103460081
5335,2014,8,11,7,30,155,100,212,2.3855948448181152,15.9521423339844,75.09827521193424
5336,2014,8,11,8,30,389,167,460,2.470463752746582,19.200372314453148,61.21539981437351
5337,2014,8,11,9,30,533,293,352,2.5978384017944336,22.251733398437523,47.20898271875525
5338,2014,8,11,10,30,861,123,881,2.69808292388916,24.595452880859398,33.165712030920346
5339,2014,8,11,11,30,987,130,907,2.785017490386963,26.18197021484377,19.256759331588228
5340,2014,8,11,12,30,1044,133,917,2.840217113494873,26.964410400390648,6.8322019052044425
5341,2014,8,11,13,30,787,443,351,2.8625802993774414,26.938256835937523,11.392778953838786
5342,2014,8,11,14,30,719,404,347,2.9584546089172363,26.214898681640648,24.89390519710766
5343,2014,8,11,15,30,783,120,852,3.2252349853515625,24.917535400390648,38.89889280031583
5344,2014,8,11,16,30,578,107,781,3.555538415908813,23.108636474609398,52.94606518131526
5345,2014,8,11,17,30,342,86,654,3.735906362533569,20.813806152343773,66.92166714749129
5346,2014,8,11,18,30,101,53,300,3.819991588592529,18.513940429687523,80.7423624298785
5347,2014,8,11,19,30,0,0,0,3.92589807510376,16.979455566406273,94.30472405010644
5348,2014,8,11,20,30,0,0,0,3.890045642852783,16.126031494140648,107.4396583799436
5349,2014,8,11,21,30,0,0,0,3.696055412292481,15.50420532226565,119.85135483898789
5350,2014,8,11,22,30,0,0,0,3.450597047805786,15.02398071289065,130.97374341821
5351,2014,8,11,23,30,0,0,0,3.170734405517578,14.610559082031275,139.7132807822419
5352,2014,8,12,0,30,0,0,0,2.8856348991394043,14.201867675781275,144.26871763458064
5353,2014,8,12,1,30,0,0,0,2.6346750259399414,13.90313110351565,143.0551492527302
5354,2014,8,12,2,30,0,0,0,2.4147722721099854,13.73491821289065,136.55379826350568
5355,2014,8,12,3,30,0,0,0,2.2721936702728267,13.55535278320315,126.667493068783
5356,2014,8,12,4,30,0,0,0,2.230053424835205,13.3566833496094,114.92589708810037
5357,2014,8,12,5,30,0,0,0,2.226613521575928,13.255395507812526,102.1707348652343
5358,2014,8,12,6,30,0,0,0,2.2925233840942383,13.98247680664065,88.8319008523482
5359,2014,8,12,7,30,15,15,0,2.3842883110046387,16.146295166015648,75.15084374131432
5360,2014,8,12,8,30,336,204,274,2.285735607147217,18.880426025390648,61.25622113623288
5361,2014,8,12,9,30,507,300,304,2.007556915283203,21.315972900390648,47.243390216902064
5362,2014,8,12,10,30,849,122,868,1.7210901975631714,23.084405517578148,33.20217121439266
5363,2014,8,12,11,30,975,129,896,1.4658844470977783,24.035028076171894,19.318072809702656
5364,2014,8,12,12,30,1031,132,905,1.2550344467163086,24.33870849609377,7.048487881282711
5365,2014,8,12,13,30,1014,132,900,1.13358473777771,24.050653076171894,11.57962396672832
5366,2014,8,12,14,30,926,127,881,1.194597244262695,23.327874755859398,25.018840327079264
5367,2014,8,12,15,30,773,119,841,1.4640547037124634,22.418847656250023,39.01276912106349
5368,2014,8,12,16,30,401,272,214,1.76452374458313,21.389489746093773,53.06196084149707
5369,2014,8,12,17,30,330,96,599,1.9453455209732056,19.969964599609398,67.04572014526329
5370,2014,8,12,18,30,108,45,398,2.0736064910888667,18.360498046875023,80.87906730253344
5371,2014,8,12,19,30,0,0,0,2.21431303024292,17.191064453125026,94.45866096728619
5372,2014,8,12,20,30,0,0,0,2.3336222171783447,16.476373291015648,107.61634522757168
5373,2014,8,12,21,30,0,0,0,2.3864240646362305,15.9178405761719,120.05786217967024
5374,2014,8,12,22,30,0,0,0,2.410759925842285,15.4407897949219,131.21801838115118
5375,2014,8,12,23,30,0,0,0,2.3984904289245605,15.008325195312526,139.99809946176583
5376,2014,8,13,0,30,0,0,0,2.2914257049560547,14.613549804687526,144.5739165231579
5377,2014,8,13,1,30,0,0,0,2.1790504455566406,14.252526855468775,143.33279149796084
5378,2014,8,13,2,30,0,0,0,2.116219520568848,13.967797851562526,136.773388389881
5379,2014,8,13,3,30,0,0,0,2.065194606781006,13.808312988281275,126.83190474509018
5380,2014,8,13,4,30,0,0,0,2.0231590270996094,13.711267089843775,115.04808351477176
5381,2014,8,13,5,30,0,0,0,2.014734506607056,13.6649108886719,102.26199009093416
5382,2014,8,13,6,30,6,6,32,2.1614341735839844,14.063684082031275,88.90039629231792
5383,2014,8,13,7,30,190,77,442,2.357391119003296,15.28643188476565,75.20279203931604
5384,2014,8,13,8,30,411,134,576,2.476207733154297,17.261041259765648,61.29670689875388
5385,2014,8,13,9,30,526,291,347,2.647090435028076,19.448815917968773,47.27798009625312
5386,2014,8,13,10,30,854,122,874,2.902628183364868,21.112176513671894,33.239813873648785
5387,2014,8,13,11,30,981,129,902,3.1677358150482178,22.061151123046894,19.382948393578687
5388,2014,8,13,12,30,1038,132,913,3.3292689323425293,22.476312255859398,7.272879670677298
5389,2014,8,13,13,30,1021,132,908,3.3384790420532227,22.59310302734377,11.775321507481037
5390,2014,8,13,14,30,932,128,888,3.2830812931060787,22.374322509765648,25.150032303025256
5391,2014,8,13,15,30,778,119,849,3.2856979370117188,21.650720214843773,39.13161123442767
5392,2014,8,13,16,30,573,106,779,3.29737401008606,20.564050292968773,53.18216109395472
5393,2014,8,13,17,30,224,165,153,3.2923386096954346,19.073724365234398,67.17369343795572
5394,2014,8,13,18,30,21,21,0,3.3777008056640625,17.435449218750026,81.01945925965062
5395,2014,8,13,19,30,0,0,0,3.435184955596924,16.223657226562526,94.6161584397327
5396,2014,8,13,20,30,0,0,0,3.3459277153015137,15.4302917480469,107.79656416066278
5397,2014,8,13,21,30,0,0,0,3.2136948108673096,14.86638793945315,120.26799690916894
5398,2014,8,13,22,30,0,0,0,3.049720287322998,14.46233520507815,131.4661887443932
5399,2014,8,13,23,30,0,0,0,2.833093404769897,14.16509399414065,140.2872019264675
5400,2014,8,14,0,30,0,0,0,2.6009674072265625,13.902185058593775,144.88325982222074
5401,2014,8,14,1,30,0,0,0,2.3799269199371342,13.57769165039065,143.6130856766824
5402,2014,8,14,2,30,0,0,0,2.206305742263794,13.303613281250026,136.99387106324895
5403,2014,8,14,3,30,0,0,0,2.0728888511657715,13.18462524414065,126.9961673311132
5404,2014,8,14,4,30,0,0,0,1.9266759157180784,13.1663757324219,115.1696505140094
5405,2014,8,14,5,30,0,0,0,1.778320074081421,13.24456176757815,102.35246503576664
5406,2014,8,14,6,30,4,4,11,1.6633967161178589,13.9249206542969,88.96812912672159
5407,2014,8,14,7,30,149,99,194,1.7528479099273682,16.045800781250026,75.2541342503102
5408,2014,8,14,8,30,444,94,730,1.8808157444000244,19.093041992187523,61.33689406105752
5409,2014,8,14,9,30,672,111,826,1.803660273551941,21.790032958984398,47.31281587416119
5410,2014,8,14,10,30,857,122,878,1.7780395746231081,23.58162841796877,33.27873977200179
5411,2014,8,14,11,30,983,129,905,1.8900096416473389,24.449609375000023,19.45153425995481
5412,2014,8,14,12,30,414,380,35,1.9364578723907468,24.673760986328148,7.505107073109485
5413,2014,8,14,13,30,407,374,34,1.8367247581481931,24.382257080078148,11.979691203820027
5414,2014,8,14,14,30,169,157,13,1.6580840349197388,23.706567382812523,25.287479045897268
5415,2014,8,14,15,30,216,205,14,1.471618413925171,22.831353759765648,39.25541354429522
5416,2014,8,14,16,30,109,109,0,1.3691353797912598,21.786614990234398,53.306645292695634
5417,2014,8,14,17,30,280,141,358,1.3205430507659912,20.557824707031273,67.30555126833968
5418,2014,8,14,18,30,102,46,364,1.328218698501587,19.209649658203148,81.16348800912087
5419,2014,8,14,19,30,0,0,0,1.4392900466918943,18.060205078125023,94.77715198718687
5420,2014,8,14,20,30,0,0,0,1.6136881113052368,17.186425781250026,107.98023670204904
5421,2014,8,14,21,30,0,0,0,1.8025195598602293,16.507623291015648,120.48166783495651
5422,2014,8,14,22,30,0,0,0,1.8778369426727293,16.056054687500026,131.71815584067008
5423,2014,8,14,23,30,0,0,0,1.7285377979278564,15.74065551757815,140.58049398725427
5424,2014,8,15,0,30,0,0,0,1.4600095748901367,15.496057128906275,145.19665643450492
5425,2014,8,15,1,30,0,0,0,1.291317343711853,15.23809204101565,143.8959154124486
5426,2014,8,15,2,30,0,0,0,1.170069694519043,14.9138122558594,137.21512758953318
5427,2014,8,15,3,30,0,0,0,0.9707857370376588,14.460290527343775,127.16019020360298
5428,2014,8,15,4,30,0,0,0,0.7708778381347656,13.925744628906275,115.2905397803028
5429,2014,8,15,5,30,0,0,0,0.6320833563804626,13.77837524414065,102.44212957896153
5430,2014,8,15,6,30,0,0,0,0.5463876128196716,15.188134765625026,89.03509349767045
5431,2014,8,15,7,30,197,65,518,0.7234122157096863,18.338433837890648,75.30488674870941
5432,2014,8,15,8,30,438,93,719,0.8930347561836243,20.347192382812523,61.37682157352107
5433,2014,8,15,9,30,664,110,816,0.7092933058738708,21.458245849609398,47.34796265108536
5434,2014,8,15,10,30,849,122,869,0.5817276239395142,22.912713623046894,33.3190492735934
5435,2014,8,15,11,30,976,129,898,0.7051863670349121,23.88802490234377,19.523974344790066
5436,2014,8,15,12,30,1033,132,909,0.9471464753150941,24.435052490234398,7.744902506452036
5437,2014,8,15,13,30,1017,131,905,1.2339274883270264,24.194238281250023,12.192539410542807
5438,2014,8,15,14,30,928,127,886,1.5591020584106443,23.465356445312523,25.431169314289818
5439,2014,8,15,15,30,774,119,847,1.8944483995437624,22.598291015625023,39.38416481396376
5440,2014,8,15,16,30,568,106,776,2.1282284259796143,21.614007568359398,53.43538851523383
5441,2014,8,15,17,30,333,84,648,2.3171615600585938,20.270715332031273,67.44125430055314
5442,2014,8,15,18,30,16,16,0,2.5312280654907227,18.735925292968773,81.31110010574768
5443,2014,8,15,19,30,0,0,0,2.6823444366455083,17.560052490234398,94.94157426665123
5444,2014,8,15,20,30,0,0,0,2.6976912021636963,16.728143310546898,108.16728170603149
5445,2014,8,15,21,30,0,0,0,2.5700836181640625,16.055841064453148,120.69878122445104
5446,2014,8,15,22,30,0,0,0,2.31992769241333,15.491601562500026,131.9738186419961
5447,2014,8,15,23,30,0,0,0,1.9897491931915283,15.04058227539065,140.87787973809867
5448,2014,8,16,0,30,0,0,0,1.6433560848236084,14.86748657226565,145.51401437173686
5449,2014,8,16,1,30,0,0,0,1.2890162467956543,14.777124023437526,144.18116325293585
5450,2014,8,16,2,30,0,0,0,1.0420618057250977,14.472131347656275,137.43703942544244
5451,2014,8,16,3,30,0,0,0,0.9546358585357666,14.0797058105469,127.32388431166314
5452,2014,8,16,4,30,0,0,0,0.9515525102615356,13.758386230468775,115.4106952393428
5453,2014,8,16,5,30,0,0,0,0.9884893298149108,13.561547851562526,102.53095600805058
5454,2014,8,16,6,30,0,0,0,1.0223960876464844,14.0993591308594,89.10128590694035
5455,2014,8,16,7,30,198,66,525,1.1616204977035522,15.96026000976565,75.35506810144571
5456,2014,8,16,8,30,442,93,727,1.3868099451065063,18.783105468750023,61.416530311248025
5457,2014,8,16,9,30,670,111,825,1.489095687866211,21.146478271484398,47.38348700319862
5458,2014,8,16,10,30,856,122,878,1.4276326894760132,22.54305419921877,33.360843149023225
5459,2014,8,16,11,30,983,129,905,1.2701278924942017,23.50301513671877,19.60040787947881
5460,2014,8,16,12,30,1040,132,916,1.1050117015838623,24.048089599609398,7.992002588143904
5461,2014,8,16,13,30,1022,132,911,1.0322411060333252,24.15487060546877,12.413661270738402
5462,2014,8,16,14,30,495,424,79,1.1225858926773071,23.922357177734398,25.581082819785706
5463,2014,8,16,15,30,776,119,851,1.3236054182052612,23.48714599609377,39.51784818224324
5464,2014,8,16,16,30,569,106,780,1.496138334274292,22.76546630859377,53.56836158178504
5465,2014,8,16,17,30,277,140,358,1.568073868751526,21.752343750000023,67.58075964844262
5466,2014,8,16,18,30,2,2,0,1.6541764736175537,20.673913574218773,81.46223898679611
5467,2014,8,16,19,30,0,0,0,1.7918357849121094,19.847619628906273,95.10935511243477
5468,2014,8,16,20,30,0,0,0,1.9080774784088133,19.104058837890648,108.35761539811124
5469,2014,8,16,21,30,0,0,0,1.9468810558319087,18.268975830078148,120.9192408370065
5470,2014,8,16,22,30,0,0,0,1.8935714960098269,17.307183837890648,132.2330737747176
5471,2014,8,16,23,30,0,0,0,1.8231611251831052,16.254052734375026,141.17926156687244
5472,2014,8,17,0,30,0,0,0,1.7316906452178955,15.4840026855469,145.83524078703664
5473,2014,8,17,1,30,0,0,0,1.5885331630706787,14.9710632324219,144.46871069492022
5474,2014,8,17,2,30,0,0,0,1.3465631008148191,14.48174438476565,137.6594882637516
5475,2014,8,17,3,30,0,0,0,1.042186975479126,13.957055664062526,127.48716226498742
5476,2014,8,17,4,30,0,0,0,0.7793692350387573,13.381616210937526,115.53006310122038
5477,2014,8,17,5,30,0,0,0,0.5813602209091187,13.23735961914065,102.61891903602807
5478,2014,8,17,6,30,0,0,0,0.4356548190116882,14.301843261718775,89.16670520250801
5479,2014,8,17,7,30,198,65,525,0.2667921781539917,16.533868408203148,75.40469902777745
5480,2014,8,17,8,30,442,94,729,0.14895184338092804,19.516290283203148,61.4560630049499
5481,2014,8,17,9,30,670,111,826,0.2230898141860962,22.349084472656273,47.41945687210399
5482,2014,8,17,10,30,856,122,879,0.3723766803741455,24.704003906250023,33.40422237718123
5483,2014,8,17,11,30,983,129,906,0.4856906533241272,26.41268310546877,19.680968939664567
5484,2014,8,17,12,30,1040,132,917,0.572557806968689,26.765130615234398,8.246149304774349
5485,2014,8,17,13,30,1022,132,912,0.6380711793899536,26.249536132812523,12.642842658910807
5486,2014,8,17,14,30,931,128,892,0.6635681390762329,25.35384521484377,25.73719037435326
5487,2014,8,17,15,30,669,269,519,0.7003509402275085,24.266778564453148,39.65644119216785
5488,2014,8,17,16,30,568,106,781,0.8453556299209595,23.234674072265648,53.705531081194216
5489,2014,8,17,17,30,331,84,651,1.0799336433410645,22.132836914062523,67.72402090833616
5490,2014,8,17,18,30,103,54,337,1.3235340118408203,20.766839599609398,81.6168450105152
5491,2014,8,17,19,30,0,0,0,1.5035004615783691,19.506646728515648,95.28042157833364
5492,2014,8,17,20,30,0,0,0,1.6395552158355713,18.484277343750023,108.55115141620571
5493,2014,8,17,21,30,0,0,0,1.7085317373275757,17.523522949218773,121.14294795641752
5494,2014,8,17,22,30,0,0,0,1.6462039947509766,16.758996582031273,132.4958155338744
5495,2014,8,17,23,30,0,0,0,1.515233874320984,16.182733154296898,141.48454016449233
5496,2014,8,18,0,30,0,0,0,1.4176075458526611,15.786706542968775,146.1602420068445
5497,2014,8,18,1,30,0,0,0,1.356269359588623,15.528955078125026,144.75843820926193
5498,2014,8,18,2,30,0,0,0,1.2007050514221191,15.27922973632815,137.8823561206552
5499,2014,8,18,3,30,0,0,0,0.94219970703125,14.9417663574219,127.64993842158958
5500,2014,8,18,4,30,0,0,0,0.6741428375244141,14.695764160156275,115.64859191134292
5501,2014,8,18,5,30,0,0,0,0.3899470567703247,14.685449218750026,102.70599581574612
5502,2014,8,18,6,30,0,0,0,0.2976830005645752,15.388208007812526,89.23135256237825
5503,2014,8,18,7,30,196,65,521,0.501632809638977,17.201745605468773,75.4538023562688
5504,2014,8,18,8,30,440,93,725,0.7776820063591003,19.160302734375023,61.49546416910521
5505,2014,8,18,9,30,668,111,824,0.9853094816207886,20.637506103515648,47.45594145166229
5506,2014,8,18,10,30,715,317,477,1.0941377878189087,21.796105957031273,33.44928794395737
5507,2014,8,18,11,30,822,380,469,1.1472651958465576,22.63045654296877,19.765786010276717
5508,2014,8,18,12,30,864,402,466,1.1759629249572754,23.160333251953148,8.507090835512145
5509,2014,8,18,13,30,779,434,353,1.164243221282959,23.486688232421894,12.87986198748058
5510,2014,8,18,14,30,815,357,509,1.065022587776184,23.590966796875023,25.899454067731586
5511,2014,8,18,15,30,709,249,598,0.8472699522972107,23.28450927734377,39.799915831966274
5512,2014,8,18,16,30,568,106,783,0.5333464145660399,22.574670410156273,53.84685940343049
5513,2014,8,18,17,30,330,84,653,0.2514418363571167,21.005120849609398,67.87098819577398
5514,2014,8,18,18,30,86,58,199,0.4927555620670319,19.638574218750023,81.77485549758467
5515,2014,8,18,19,30,0,0,0,1.1923136711120603,19.070550537109398,95.454697981943
5516,2014,8,18,20,30,0,0,0,1.7811493873596191,18.292108154296894,108.74780085342053
5517,2014,8,18,21,30,0,0,0,2.1571178436279297,17.509179687500026,121.36980142452228
5518,2014,8,18,22,30,0,0,0,2.352975368499756,16.871270751953148,132.76193589732728
5519,2014,8,18,23,30,0,0,0,2.40616512298584,16.166314697265648,141.79361453245338
5520,2014,8,19,0,30,0,0,0,2.407601118087769,15.393518066406275,146.48892356246142
5521,2014,8,19,1,30,0,0,0,2.3781540393829346,14.850122070312526,145.0502252660474
5522,2014,8,19,2,30,0,0,0,2.2289633750915527,14.6129089355469,138.10552542519437
5523,2014,8,19,3,30,0,0,0,1.9934886693954468,14.403222656250026,127.81212897453652
5524,2014,8,19,4,30,0,0,0,1.8026981353759768,14.1551452636719,115.76623259842295
5525,2014,8,19,5,30,0,0,0,1.664478421211243,13.9820495605469,102.79216595095107
5526,2014,8,19,6,30,0,0,0,1.6544685363769531,14.4561706542969,89.29523147513822
5527,2014,8,19,7,30,195,65,517,1.7152268886566162,16.098870849609398,75.50240297899369
5528,2014,8,19,8,30,360,187,362,1.7216624021530151,18.317315673828148,61.53478002742025
5529,2014,8,19,9,30,665,111,820,1.6965484619140625,20.336175537109398,47.493011071893065
5530,2014,8,19,10,30,851,122,873,1.5725363492965698,22.043145751953148,33.49614063762325
5531,2014,8,19,11,30,977,129,901,1.3658323287963867,23.422753906250023,19.85498156902868
5532,2014,8,19,12,30,1034,132,912,1.1633057594299316,24.302026367187523,8.774582089306705
5533,2014,8,19,13,30,1015,131,907,1.0046463012695312,24.555718994140648,13.124491864984149
5534,2014,8,19,14,30,924,127,887,0.8568844199180603,24.110345458984398,26.067827472522627
5535,2014,8,19,15,30,768,119,847,0.7184975147247314,23.219873046875023,39.94823858801328
5536,2014,8,19,16,30,405,264,239,0.6260342597961426,22.138940429687523,53.99230477860511
5537,2014,8,19,17,30,48,48,0,0.6127490997314453,20.931665039062523,68.02160818659057
5538,2014,8,19,18,30,47,47,0,0.7304248809814453,19.782403564453148,81.93620477521709
5539,2014,8,19,19,30,0,0,0,0.9324699640274048,18.685723876953148,95.63210595086264
5540,2014,8,19,20,30,0,0,0,1.162635087966919,17.687951660156273,108.94747230210967
5541,2014,8,19,21,30,0,0,0,1.3696143627166748,16.905084228515648,121.59969767532444
5542,2014,8,19,22,30,0,0,0,1.493523120880127,16.275720214843773,133.03132453917192
5543,2014,8,19,23,30,0,0,0,1.5663654804229736,15.786218261718775,142.10638198844848
5544,2014,8,20,0,30,0,0,0,1.5597994327545166,15.387353515625026,146.82119022106983
5545,2014,8,20,1,30,0,0,0,1.4480788707733154,15.02788696289065,145.3439503598756
5546,2014,8,20,2,30,0,0,0,1.3367459774017334,14.655786132812526,138.32887911093565
5547,2014,8,20,3,30,0,0,0,1.2872333526611328,14.24016723632815,127.97365203813247
5548,2014,8,20,4,30,0,0,0,1.279175043106079,13.8342224121094,115.8829385201136
5549,2014,8,20,5,30,0,0,0,1.3053199052810671,13.68059692382815,102.87741150447614
5550,2014,8,20,6,30,0,0,0,1.2811647653579712,14.21904907226565,89.35834771781866
5551,2014,8,20,7,30,178,78,400,1.2656118869781494,15.56133422851565,75.55052780311689
5552,2014,8,20,8,30,352,191,337,1.2276132106781006,17.245751953125026,61.574058435863094
5553,2014,8,20,9,30,662,110,817,0.9735180735588074,19.090295410156273,47.530737080280716
5554,2014,8,20,10,30,848,122,871,0.5567377209663391,21.519097900390648,33.54488084197448
5555,2014,8,20,11,30,975,129,899,0.2353278398513794,23.968896484375023,19.94867169193144
5556,2014,8,20,12,30,1031,132,910,0.3031757175922394,25.331170654296894,9.048385010537032
5557,2014,8,20,13,30,834,364,482,0.6163788437843323,25.426202392578148,13.3765005991106
5558,2014,8,20,14,30,565,440,139,0.9776341915130616,24.588372802734398,26.24225587441316
5559,2014,8,20,15,30,605,328,363,1.36376690864563,23.403527832031273,40.10137050898313
5560,2014,8,20,16,30,276,246,51,1.6351304054260254,22.245050048828148,54.141821321995145
5561,2014,8,20,17,30,133,131,7,1.7939484119415283,21.055902099609398,68.17582416154686
5562,2014,8,20,18,30,43,43,0,1.9486237764358518,19.658593750000023,82.10082422397804
5563,2014,8,20,19,30,0,0,0,2.10156798362732,18.385736083984398,95.812564470906
5564,2014,8,20,20,30,0,0,0,2.202059268951416,17.442926025390648,109.15007189943745
5565,2014,8,20,21,30,0,0,0,2.2322683334350586,16.729699707031273,121.83253077010956
5566,2014,8,20,22,30,0,0,0,2.1738052368164062,16.240838623046898,133.30386884282018
5567,2014,8,20,23,30,0,0,0,2.034048318862915,15.737939453125026,142.42273817016172
5568,2014,8,21,0,30,0,0,0,1.8254224061965945,15.19133911132815,147.1569460163381
5569,2014,8,21,1,30,0,0,0,1.5874069929122925,14.682214355468775,145.6394910354791
5570,2014,8,21,2,30,0,0,0,1.3699522018432615,14.175195312500026,138.55230070979624
5571,2014,8,21,3,30,0,0,0,1.231929063796997,13.660119628906275,128.13442773280545
5572,2014,8,21,4,30,0,0,0,1.1902172565460205,13.339868164062526,115.99866550554223
5573,2014,8,21,5,30,0,0,0,1.1573379039764404,13.51714477539065,102.96171700314305
5574,2014,8,21,6,30,0,0,0,1.1056013107299805,14.383752441406275,89.42070933064245
5575,2014,8,21,7,30,194,65,517,1.1188462972640991,16.224786376953148,75.59820569976142
5576,2014,8,21,8,30,438,93,725,1.161131501197815,19.126916503906273,61.61334880309929
5577,2014,8,21,9,30,554,254,445,1.2269856929779053,21.897424316406273,47.569191720418175
5578,2014,8,21,10,30,855,122,879,1.4573242664337158,23.967584228515648,33.595608327102546
5579,2014,8,21,11,30,982,130,907,1.8290119171142576,25.567559814453148,20.046965682957772
5580,2014,8,21,12,30,1039,133,918,2.2392306327819824,26.262994384765648,9.328268700215817
5581,2014,8,21,13,30,1020,132,913,2.628167152404785,26.018426513671894,13.635653543160558
5582,2014,8,21,14,30,926,128,892,2.965388774871826,25.069970703125023,26.422676524971024
5583,2014,8,21,15,30,768,119,850,3.2838349342346187,23.668511962890648,40.25926728091839
5584,2014,8,21,16,30,531,144,662,3.6003880500793457,21.871636962890648,54.295359085083504
5585,2014,8,21,17,30,255,142,307,3.734076738357544,19.756250000000023,68.33357605497889
5586,2014,8,21,18,30,63,55,55,3.683984756469727,17.830590820312523,82.26864232712313
5587,2014,8,21,19,30,0,0,0,3.549324512481689,16.614221191406273,95.99598993614993
5588,2014,8,21,20,30,0,0,0,3.365013599395752,15.986901855468775,109.35550337432717
5589,2014,8,21,21,30,0,0,0,3.2070658206939697,15.598718261718775,122.06819243329628
5590,2014,8,21,22,30,0,0,0,3.0381805896759038,15.373559570312526,133.57945391353277
5591,2014,8,21,23,30,0,0,0,2.8845908641815186,15.2603698730469,142.74257703701213
5592,2014,8,22,0,30,0,0,0,2.798278331756592,15.1467224121094,147.49609427852306
5593,2014,8,22,1,30,0,0,0,2.7584216594696045,14.893640136718775,145.93672391368827
5594,2014,8,22,2,30,0,0,0,2.609511375427246,14.508813476562526,138.775674448055
5595,2014,8,22,3,30,0,0,0,2.293432235717773,14.35430297851565,128.2943782690268
5596,2014,8,22,4,30,0,0,0,2.006356716156006,14.3703552246094,116.11337189515372
5597,2014,8,22,5,30,0,0,0,1.878306865692139,14.2857604980469,103.0450694396207
5598,2014,8,22,6,30,0,0,0,1.8233088254928589,14.648095703125026,89.48232658896454
5599,2014,8,22,7,30,171,84,350,1.8860093355178835,16.157403564453148,75.64546745028511
5600,2014,8,22,8,30,359,191,353,1.975942611694336,18.201013183593773,61.65270200846966
5601,2014,8,22,9,30,672,111,831,1.942887663841248,20.303979492187523,47.60844800823463
5602,2014,8,22,10,30,860,123,885,1.924309015274048,22.783227539062523,33.64842203864989
5603,2014,8,22,11,30,988,130,913,1.9719054698944087,25.131127929687523,20.149965730754573
5604,2014,8,22,12,30,1044,133,924,2.0575246810913086,26.617913818359398,9.614009393673127
5605,2014,8,22,13,30,1025,132,919,2.1617801189422607,27.141320800781273,13.901714287824221
5606,2014,8,22,14,30,931,128,897,2.247586250305176,26.949853515625023,26.60901891433103
5607,2014,8,22,15,30,771,119,856,2.3351707458496094,25.983850097656273,40.42187931252217
5608,2014,8,22,16,30,560,105,781,2.484246730804444,24.215386962890648,54.45286411225026
5609,2014,8,22,17,30,248,145,282,2.617227077484131,22.075036621093773,68.49480050683744
5610,2014,8,22,18,30,64,55,66,2.6328394412994385,20.134057617187523,82.43958472235725
5611,2014,8,22,19,30,0,0,0,2.5486257076263428,18.523492431640648,96.18229620077874
5612,2014,8,22,20,30,0,0,0,2.489109516143799,17.149743652343773,109.5636680957279
5613,2014,8,22,21,30,0,0,0,2.442578792572021,16.155358886718773,122.30657208916891
5614,2014,8,22,22,30,0,0,0,2.3161540031433105,15.588891601562526,133.85796259052154
5615,2014,8,22,23,30,0,0,0,2.1418137550354004,15.29046020507815,143.0657908698072
5616,2014,8,23,0,30,0,0,0,1.948642015457153,15.102014160156275,147.8385376641166
5617,2014,8,23,1,30,0,0,0,1.782279133796692,14.885400390625026,146.2355247179396
5618,2014,8,23,2,30,0,0,0,1.6320878267288208,14.7084899902344,138.99888534467306
5619,2014,8,23,3,30,0,0,0,1.4964702129364014,14.514855957031275,128.45342802979292
5620,2014,8,23,4,30,0,0,0,1.4162545204162598,14.203332519531275,116.2270185774397
5621,2014,8,23,5,30,0,0,0,1.32655930519104,14.10320434570315,103.12745827102314
5622,2014,8,23,6,30,0,0,0,1.2131414413452148,15.4285827636719,89.54321197222558
5623,2014,8,23,7,30,191,64,512,1.1490161418914795,17.316156005859398,75.69234569001556
5624,2014,8,23,8,30,434,93,720,1.106855392456055,18.822290039062523,61.69217031768535
5625,2014,8,23,9,30,663,111,819,1.061314582824707,20.504785156250023,47.64857960584842
5626,2014,8,23,10,30,850,122,874,1.019598364830017,22.060449218750023,33.70341988590668
5627,2014,8,23,11,30,978,129,904,0.9530363082885742,23.246362304687523,20.25776659448272
5628,2014,8,23,12,30,1034,132,915,0.7854923009872437,23.64217529296877,9.905390328850912
5629,2014,8,23,13,30,1014,132,910,0.4727779030799866,23.367059326171894,14.174445703724329
5630,2014,8,23,14,30,921,127,889,0.2344174385070801,22.718682861328148,26.801205060974034
5631,2014,8,23,15,30,608,322,377,0.2455769032239914,21.923303222656273,40.58915183002193
5632,2014,8,23,16,30,552,105,772,0.3648957312107086,21.107415771484398,54.614278502770034
5633,2014,8,23,17,30,314,82,635,0.4786630570888519,20.055291748046894,68.65943091825103
5634,2014,8,23,18,30,61,54,57,0.6006321907043457,18.861047363281273,82.61357425608205
5635,2014,8,23,19,30,0,0,0,0.6972702145576477,17.860314941406273,96.37139463283577
5636,2014,8,23,20,30,0,0,0,0.795852780342102,17.085687255859398,109.7744651224154
5637,2014,8,23,21,30,0,0,0,0.9371802806854248,16.393792724609398,122.54755689960732
5638,2014,8,23,22,30,0,0,0,1.044175386428833,15.71282348632815,134.13927545872193
5639,2014,8,23,23,30,0,0,0,1.0831022262573242,15.0512634277344,143.39227026822354
5640,2014,8,24,0,30,0,0,0,1.0704385042190552,14.421228027343775,148.18417818501825
5641,2014,8,24,1,30,0,0,0,1.0292348861694336,14.091638183593775,146.53576830134622
5642,2014,8,24,2,30,0,0,0,0.8841554522514343,14.035791015625026,139.2218193116442
5643,2014,8,24,3,30,0,0,0,0.6059269309043884,13.88848266601565,128.61150365162524
5644,2014,8,24,4,30,0,0,0,0.3104437291622162,13.7303405761719,116.33956902258812
5645,2014,8,24,5,30,0,0,0,0.16277280449867249,13.656518554687526,103.20887541435387
5646,2014,8,24,6,30,0,0,0,0.2287403643131256,13.98723754882815,89.6033801300675
5647,2014,8,24,7,30,193,65,520,0.3082064986228943,15.32109985351565,75.73887484930323
5648,2014,8,24,8,30,439,94,729,0.3590809106826782,17.847497558593773,61.73180729600999
5649,2014,8,24,9,30,669,111,828,0.5698370933532715,20.527856445312523,47.68966069312872
5650,2014,8,24,10,30,855,123,880,0.8688794374465942,22.877374267578148,33.76069852918576
5651,2014,8,24,11,30,981,130,908,1.1000722646713257,25.123529052734398,20.3704553208689
5652,2014,8,24,12,30,1037,133,919,1.2743101119995115,26.424615478515648,10.202201533664306
5653,2014,8,24,13,30,1018,132,914,1.4060676097869873,26.446252441406273,14.453610842198673
5654,2014,8,24,14,30,924,128,893,1.568976640701294,25.543695068359398,26.99914981602962
5655,2014,8,24,15,30,764,119,851,1.81974196434021,24.114282226562523,40.761024981125004
5656,2014,8,24,16,30,553,105,776,2.1111199855804443,22.660607910156273,54.779540478116395
5657,2014,8,24,17,30,313,82,638,2.288019895553589,21.095727539062523,68.8273975103622
5658,2014,8,24,18,30,74,53,164,2.3159353733062744,19.429956054687523,82.79053103969301
5659,2014,8,24,19,30,0,0,0,2.2967889308929443,18.208215332031273,96.56319416950001
5660,2014,8,24,20,30,0,0,0,2.2677626609802246,17.320428466796898,109.98779125398592
5661,2014,8,24,21,30,0,0,0,2.21652626991272,16.569512939453148,122.7910318026855
5662,2014,8,24,22,30,0,0,0,2.1197733879089355,16.026696777343773,134.4232708601284
5663,2014,8,24,23,30,0,0,0,1.9954683780670168,15.641931152343775,143.7219041459509
5664,2014,8,25,0,30,0,0,0,1.8261911869049072,15.34075317382815,148.53291723723777
5665,2014,8,25,1,30,0,0,0,1.5820114612579346,15.148278808593775,146.83732867460736
5666,2014,8,25,2,30,0,0,0,1.2616856098175049,14.8995300292969,139.44436325676477
5667,2014,8,25,3,30,0,0,0,0.9905227422714232,14.4186950683594,128.7685341040016
5668,2014,8,25,4,30,0,0,0,0.906086564064026,13.95635375976565,116.45098931300915
5669,2014,8,25,5,30,0,0,0,0.9712265729904176,13.670068359375026,103.28931523870254
5670,2014,8,25,6,30,0,0,0,1.0588409900665283,14.06902465820315,89.66284784556345
5671,2014,8,25,7,30,195,65,529,1.1268155574798584,15.79619750976565,75.78509109227744
5672,2014,8,25,8,30,445,94,742,1.0690158605575562,18.828668212890648,61.771667719436046
5673,2014,8,25,9,30,679,112,843,0.8515443205833435,22.153863525390648,47.73176583740326
5674,2014,8,25,10,30,869,124,896,0.7063353061676025,25.323052978515648,33.82035316724982
5675,2014,8,25,11,30,997,131,924,0.77304607629776,27.987817382812523,20.48811099414361
5676,2014,8,25,12,30,1052,134,934,0.9842225313186646,29.311761474609398,10.504239555534582
5677,2014,8,25,13,30,1031,133,928,1.2491509914398191,29.555841064453148,14.738973703568249
5678,2014,8,25,14,30,936,129,907,1.5948858261108398,29.072137451171894,27.202761179129553
5679,2014,8,25,15,30,774,120,865,2.0023956298828125,27.959588623046894,40.93743394710594
5680,2014,8,25,16,30,559,105,790,2.3832006454467773,26.172052001953148,54.94858445383136
5681,2014,8,25,17,30,315,83,649,2.6461238861083984,23.531518554687523,68.99862738619012
5682,2014,8,25,18,30,21,21,0,2.8301792144775386,20.869897460937523,82.97037250824705
5683,2014,8,25,19,30,0,0,0,2.933144807815552,19.174462890625023,96.75760137425232
5684,2014,8,25,20,30,0,0,0,2.958387613296509,18.042230224609398,110.2035410834374
5685,2014,8,25,21,30,0,0,0,2.956185340881348,17.036920166015648,123.03687955233627
5686,2014,8,25,22,30,0,0,0,2.824450969696045,16.172906494140648,134.7098249048807
5687,2014,8,25,23,30,0,0,0,2.547527551651001,15.408898925781275,144.05457972345351
5688,2014,8,26,0,30,0,0,0,2.2324390411376958,14.792199707031275,148.88465562910346
5689,2014,8,26,1,30,0,0,0,1.9643199443817136,14.43499145507815,147.14007903467856
5690,2014,8,26,2,30,0,0,0,1.7576375007629397,14.153588867187526,139.66640518836778
5691,2014,8,26,3,30,0,0,0,1.640364408493042,13.7379089355469,128.92445076683885
5692,2014,8,26,4,30,0,0,0,1.6318507194519043,13.3290954589844,116.56124817058077
5693,2014,8,26,5,30,0,0,0,1.6901644468307495,13.081018066406275,103.36877455429901
5694,2014,8,26,6,30,0,0,0,1.7163751125335691,13.53069458007815,89.72163399570418
5695,2014,8,26,7,30,195,66,530,1.592400312423706,15.730859375000026,75.83103225301294
5696,2014,8,26,8,30,445,94,742,1.6135129928588867,19.636865234375023,61.81180748343757
5697,2014,8,26,9,30,678,112,841,1.8387805223464968,23.465753173828148,47.77496986103241
5698,2014,8,26,10,30,866,124,894,2.0844159126281743,26.027825927734398,33.88247732523993
5699,2014,8,26,11,30,993,131,921,2.442448616027832,27.468988037109398,20.61080452039377
5700,2014,8,26,12,30,1048,134,930,2.836308002471924,28.067437744140648,10.811307151904119
5701,2014,8,26,13,30,1025,133,924,3.1573638916015625,27.993554687500023,15.030299883243115
5702,2014,8,26,14,30,928,128,901,3.3919811248779297,27.247827148437523,27.41194062355337
5703,2014,8,26,15,30,765,119,857,3.60582447052002,25.781976318359398,41.11830906273743
5704,2014,8,26,16,30,552,105,780,3.782151699066162,23.872003173828148,55.12134111614566
5705,2014,8,26,17,30,310,82,640,3.75563383102417,21.649682617187523,69.17304459547752
5706,2014,8,26,18,30,85,50,293,3.575808048248291,19.449822998046894,83.15301348093905
5707,2014,8,26,19,30,0,0,0,3.4203901290893555,17.948022460937523,96.9545204954435
5708,2014,8,26,20,30,0,0,0,3.3154425621032715,16.948754882812526,110.42160705092888
5709,2014,8,26,21,30,0,0,0,3.2344052791595463,16.020562744140648,123.28498075910002
5710,2014,8,26,22,30,0,0,0,3.1159090995788574,15.123803710937526,134.99881148210815
5711,2014,8,26,23,30,0,0,0,2.958078622817993,14.354333496093775,144.39018251819505
5712,2014,8,27,0,30,0,0,0,2.7375757694244385,14.041162109375026,149.23929360903603
5713,2014,8,27,1,30,0,0,0,2.42053747177124,13.987634277343775,147.44389179464451
5714,2014,8,27,2,30,0,0,0,2.084248304367065,13.7982116699219,139.8878343223155
5715,2014,8,27,3,30,0,0,0,1.814584493637085,13.490563964843775,129.0791875060907
5716,2014,8,27,4,30,0,0,0,1.630176305770874,13.135278320312526,116.67031698049514
5717,2014,8,27,5,30,0,0,0,1.5325442552566528,12.89324340820315,103.44725259829613
5718,2014,8,27,6,30,0,0,0,1.519636869430542,13.491601562500026,89.77975950905639
5719,2014,8,27,7,30,193,65,525,1.6847412586212158,16.028375244140648,75.87673776950182
5720,2014,8,27,8,30,443,94,738,1.950094223022461,19.791833496093773,61.85228350992365
5721,2014,8,27,9,30,676,112,839,2.072685956954956,23.054345703125023,47.81934770755704
5722,2014,8,27,10,30,864,124,892,2.113519191741944,25.435449218750023,33.94716264373581
5723,2014,8,27,11,30,991,131,919,2.264715671539306,27.037011718750023,20.73859844720505
5724,2014,8,27,12,30,1045,134,928,2.536473274230957,27.794305419921894,11.123212956385672
5725,2014,8,27,13,30,1023,133,923,2.8360199928283687,27.821466064453148,15.327357106417095
5726,2014,8,27,14,30,927,128,901,3.0891480445861816,27.256738281250023,27.626583427689052
5727,2014,8,27,15,30,764,119,858,3.3075315952301025,26.126275634765648,41.30357594289422
5728,2014,8,27,16,30,551,105,782,3.5317366123199463,24.402154541015648,55.297737502657064
5729,2014,8,27,17,30,308,82,641,3.620385408401489,21.993310546875023,69.35057020228406
5730,2014,8,27,18,30,83,49,292,3.6110916137695312,19.482812500000023,83.33836622376172
5731,2014,8,27,19,30,0,0,0,3.572028636932373,17.785180664062523,97.15385352668056
5732,2014,8,27,20,30,0,0,0,3.425342082977295,16.729852294921898,110.64187949916484
5733,2014,8,27,21,30,0,0,0,3.2104511260986333,15.8714538574219,123.53521393200754
5734,2014,8,27,22,30,0,0,0,2.966069221496582,15.14397583007815,135.29010227064643
5735,2014,8,27,23,30,0,0,0,2.732846736907959,14.5106140136719,144.72859633227785
5736,2014,8,28,0,30,0,0,0,2.523699760437012,13.941491699218775,149.59673089282626
5737,2014,8,28,1,30,0,0,0,2.36177396774292,13.3802429199219,147.74863861463626
5738,2014,8,28,2,30,0,0,0,2.2559278011322017,12.8220153808594,140.1085411908933
5739,2014,8,28,3,30,0,0,0,2.1654348373413086,12.31401977539065,129.2326807470244
5740,2014,8,28,4,30,0,0,0,2.0619678497314453,11.8494812011719,116.77816981175962
5741,2014,8,28,5,30,0,0,0,1.965007305145264,11.606347656250026,103.52475101729105
5742,2014,8,28,6,30,0,0,0,1.792172908782959,13.171228027343775,89.83724732063769
5743,2014,8,28,7,30,197,66,537,1.6859574317932131,17.008386230468773,75.92224861503965
5744,2014,8,28,8,30,450,95,753,1.7751936912536619,21.049279785156273,61.89315365192648
5745,2014,8,28,9,30,686,113,853,1.6962878704071045,24.198297119140648,47.864974306056645
5746,2014,8,28,10,30,876,125,906,1.4356958866119385,26.640893554687523,34.014498669572944
5747,2014,8,28,11,30,1003,132,932,1.2597124576568604,28.457177734375023,20.871546819510144
5748,2014,8,28,12,30,1057,135,941,1.1721765995025637,29.541467285156273,11.439771132311904
5749,2014,8,28,13,30,1034,134,935,1.1089277267456057,29.917657470703148,15.62991566251101
5750,2014,8,28,14,30,936,129,912,1.0903263092041016,29.702905273437523,27.846579010869842
5751,2014,8,28,15,30,458,367,121,1.2139286994934082,28.792871093750023,41.49315561564797
5752,2014,8,28,16,30,556,106,794,1.500226974487305,27.085321044921894,55.47769708708641
5753,2014,8,28,17,30,310,82,652,1.9121711254119875,24.47811279296877,69.53112235525373
5754,2014,8,28,18,30,83,83,0,2.321743488311768,21.751214599609398,83.52634051384759
5755,2014,8,28,19,30,0,0,0,2.61413836479187,19.851251220703148,97.35550026862451
5756,2014,8,28,20,30,0,0,0,2.784618139266968,18.471643066406273,110.86424673006641
5757,2014,8,28,21,30,0,0,0,2.8047451972961426,17.338677978515648,123.78745552177375
5758,2014,8,28,22,30,0,0,0,2.694659948348999,16.512231445312526,135.5835667497017
5759,2014,8,28,23,30,0,0,0,2.513355493545532,15.930505371093775,145.06970323732662
5760,2014,8,29,0,30,0,0,0,2.2636966705322266,15.45684204101565,149.95686669050272
5761,2014,8,29,1,30,0,0,0,1.9560788869857788,14.987695312500026,148.05419043432315
5762,2014,8,29,2,30,0,0,0,1.7112445831298828,14.51275024414065,140.328417753871
5763,2014,8,29,3,30,0,0,0,1.6251571178436282,14.061120605468775,129.38486954523887
5764,2014,8,29,4,30,0,0,0,1.6479729413986206,13.6329284667969,116.88478343409662
5765,2014,8,29,5,30,0,0,0,1.7171308994293213,13.402185058593775,103.60127384666892
5766,2014,8,29,6,30,0,0,0,1.7011829614639282,14.82903442382815,89.89412232413808
5767,2014,8,29,7,30,190,65,516,1.5497301816940308,18.356439208984398,75.96760722762319
5768,2014,8,29,8,30,436,94,728,1.3065294027328491,21.922082519531273,61.934476596561815
5769,2014,8,29,9,30,666,111,827,1.01118266582489,24.663598632812523,47.91192443435993
5770,2014,8,29,10,30,852,123,880,0.8203773498535156,26.841729736328148,34.08457264908286
5771,2014,8,29,11,30,978,130,908,0.8277798295021057,28.332513427734398,21.009695071692622
5772,2014,8,29,12,30,1032,133,918,0.946847915649414,29.152307128906273,11.760801022469693
5773,2014,8,29,13,30,372,343,29,1.059927225112915,29.238214111328148,15.937748750077846
5774,2014,8,29,14,30,915,128,891,1.1091089248657229,28.542199707031273,28.07181127081341
5775,2014,8,29,15,30,752,119,848,1.1946932077407837,27.191094970703148,41.68696466061221
5776,2014,8,29,16,30,539,104,770,1.4120970964431765,25.494866943359398,55.66113986753065
5777,2014,8,29,17,30,253,123,375,1.7092028856277466,23.485223388671894,69.71461636023432
5778,2014,8,29,18,30,66,66,0,2.0484180450439453,21.405358886718773,83.71684370564645
5779,2014,8,29,19,30,0,0,0,2.318610668182373,19.784600830078148,97.55935839238512
5780,2014,8,29,20,30,0,0,0,2.4178617000579834,18.612359619140648,111.08859506296929
5781,2014,8,29,21,30,0,0,0,2.39565372467041,17.772882080078148,124.04157996523004
5782,2014,8,29,22,30,0,0,0,2.292325735092163,17.204248046875026,135.87907220957808
5783,2014,8,29,23,30,0,0,0,2.136180877685547,16.756127929687526,145.41338355653988
5784,2014,8,30,0,30,0,0,0,2.0516552925109863,16.271813964843773,150.31959973270318
5785,2014,8,30,1,30,0,0,0,2.1185626983642583,15.822045898437526,148.36041750680425
5786,2014,8,30,2,30,0,0,0,2.21439790725708,15.5947204589844,140.54735751129783
5787,2014,8,30,3,30,0,0,0,2.2319607734680176,15.52922973632815,129.5356956550943
5788,2014,8,30,4,30,0,0,0,2.2410569190979004,15.432397460937526,116.9901373314736
5789,2014,8,30,5,30,0,0,0,2.2308025360107417,15.28399047851565,103.67682748677528
5790,2014,8,30,6,30,0,0,0,2.1513466835021973,15.484704589843775,89.95041132148205
5791,2014,8,30,7,30,192,65,524,2.067221641540528,16.547875976562526,76.01285743696899
5792,2014,8,30,8,30,441,94,738,1.9853705167770384,18.619897460937523,61.97631176609885
5793,2014,8,30,9,30,673,112,837,1.9773718118667605,21.378106689453148,47.960272581052024
5794,2014,8,30,10,30,860,124,889,2.0670819282531743,24.403955078125023,34.15746932434917
5795,2014,8,30,11,30,986,131,916,2.130455493927002,27.105859375000023,21.153079956272574
5796,2014,8,30,12,30,1039,134,926,2.157254695892334,28.70882568359377,12.08612680187278
5797,2014,8,30,13,30,1016,133,919,2.2068872451782227,29.242944335937523,16.250632742762264
5798,2014,8,30,14,30,917,128,896,2.3641176223754883,28.910791015625023,28.30215892099752
5799,2014,8,30,15,30,752,119,850,2.660643577575684,27.52254638671877,41.88491535234469
5800,2014,8,30,16,30,537,104,770,3.0473804473876958,25.203363037109398,55.8479824580734
5801,2014,8,30,17,30,294,80,621,3.314361095428467,22.296411132812523,69.90096475521669
5802,2014,8,30,18,30,75,75,0,3.412949323654175,19.475976562500023,83.90978079852478
5803,2014,8,30,19,30,0,0,0,3.4302823543548584,17.522210693359398,97.7653235043263
5804,2014,8,30,20,30,0,0,0,3.3385300636291504,16.433770751953148,111.3148088942196
5805,2014,8,30,21,30,0,0,0,3.2022647857666016,15.7969909667969,124.29745973125128
5806,2014,8,30,22,30,0,0,0,3.0483956336975098,15.368127441406275,136.17648376259226
5807,2014,8,30,23,30,0,0,0,2.8884987831115723,15.02520141601565,145.75951584377947
5808,2014,8,31,0,30,0,0,0,2.757840633392334,14.722924804687526,150.68482829663168
5809,2014,8,31,1,30,0,0,0,2.6669421195983887,14.4578796386719,148.66718943444138
5810,2014,8,31,2,30,0,0,0,2.5693581104278564,14.323327636718775,140.76525561815959
5811,2014,8,31,3,30,0,0,0,2.4522852897644043,14.285180664062526,129.68510359539178
5812,2014,8,31,4,30,0,0,0,2.3764333724975586,13.87761840820315,117.09421371178452
5813,2014,8,31,5,30,0,0,0,2.378369808197021,13.209680175781275,103.75142067581608
5814,2014,8,31,6,30,0,0,0,2.377432346343994,13.93364868164065,90.00614296981294
5815,2014,8,31,7,30,186,64,506,2.4505910873413086,16.588555908203148,76.05804438955394
5816,2014,8,31,8,30,431,93,720,2.639920234680176,19.813073730468773,62.018719217442744
5817,2014,8,31,9,30,661,111,821,2.685931444168091,22.757440185546894,48.010092806702936
5818,2014,8,31,10,30,846,123,874,2.535663366317749,25.251580810546894,34.233270733277415
5819,2014,8,31,11,30,971,130,902,2.336653470993042,27.139276123046894,21.301729508479934
5820,2014,8,31,12,30,646,485,165,2.1927351951599117,28.076715087890648,12.41557713850044
5821,2014,8,31,13,30,632,476,162,2.129568576812744,27.848687744140648,16.568347386164206
5822,2014,8,31,14,30,419,377,48,2.2323288917541504,26.457971191406273,28.53749582563884
5823,2014,8,31,15,30,364,323,55,2.5179405212402344,24.479730224609398,42.086915807697025
5824,2014,8,31,16,30,527,103,758,2.837165355682373,22.475579833984398,56.03813818340894
5825,2014,8,31,17,30,215,136,232,3.0495550632476807,20.304650878906273,70.09007738739068
5826,2014,8,31,18,30,49,49,0,3.263802528381348,18.340356445312523,84.10505450607964
5827,2014,8,31,19,30,0,0,0,3.4773478507995605,17.041986083984398,97.97328921252152
5828,2014,8,31,20,30,0,0,0,3.5370984077453613,16.285943603515648,111.54277075845816
5829,2014,8,31,21,30,0,0,0,3.511650800704956,15.810327148437526,124.55496536824995
5830,2014,8,31,22,30,0,0,0,3.43491530418396,15.3941589355469,136.47566435437056
5831,2014,8,31,23,30,0,0,0,3.2957968711853027,14.9943786621094,146.1079768596356
5832,2014,9,1,0,30,0,0,0,3.111445188522339,14.599084472656275,151.05245023162095
5833,2014,9,1,1,30,0,0,0,2.915832042694092,14.2359558105469,148.97437520658437
5834,2014,9,1,2,30,0,0,0,2.600902318954468,13.934655761718775,140.98200900056025
5835,2014,9,1,3,30,0,0,0,2.205074548721313,13.628137207031275,129.8330407120199
5836,2014,9,1,4,30,0,0,0,1.9164421558380127,13.286706542968775,117.1969975129605
5837,2014,9,1,5,30,0,0,0,1.7120951414108276,13.0157409667969,103.82506445958596
5838,2014,9,1,6,30,0,0,0,1.506123185157776,13.3998962402344,90.06134772578173
5839,2014,9,1,7,30,188,64,512,1.4045875072479248,15.1617370605469,76.1032144714227
5840,2014,9,1,8,30,435,94,727,1.5324736833572388,18.338250732421894,62.06175953981878
5841,2014,9,1,9,30,665,112,827,1.5922390222549438,21.630609130859398,48.061458604225166
5842,2014,9,1,10,30,850,123,879,1.394010305404663,24.247247314453148,34.312056013822705
5843,2014,9,1,11,30,974,130,906,1.172090768814087,26.312005615234398,21.45566304613918
5844,2014,9,1,12,30,1026,133,914,1.0795886516571045,27.397607421875023,12.748984865621278
5845,2014,9,1,13,30,1001,132,908,1.0327615737915041,27.437371826171894,16.890675934899534
5846,2014,9,1,14,30,903,127,884,0.9613831043243408,26.575555419921894,28.77769133081239
5847,2014,9,1,15,30,739,118,839,0.885238766670227,25.144403076171894,42.292870136820994
5848,2014,9,1,16,30,525,103,758,0.8165336847305298,23.691766357421894,56.23151717627124
5849,2014,9,1,17,30,130,125,14,0.8412070870399475,22.276849365234398,70.28186149228935
5850,2014,9,1,18,30,71,71,0,0.9630072116851808,20.708673095703148,84.30256532635089
5851,2014,9,1,19,30,0,0,0,1.0763356685638428,19.374047851562523,98.18314719444763
5852,2014,9,1,20,30,0,0,0,1.120051383972168,18.379663085937523,111.7723613912574
5853,2014,9,1,21,30,0,0,0,1.106257677078247,17.554345703125026,124.81396555325092
5854,2014,9,1,22,30,0,0,0,1.0993711948394775,16.951257324218773,136.77647477558338
5855,2014,9,1,23,30,0,0,0,1.082223415374756,16.475152587890648,146.4586415442549
5856,2014,9,2,0,30,0,0,0,0.9805405139923096,16.100701904296898,151.42236298421292
5857,2014,9,2,1,30,0,0,0,0.7764782905578613,15.800805664062526,149.28184323959766
5858,2014,9,2,2,30,0,0,0,0.5323693752288818,15.551538085937526,141.19751647355443
5859,2014,9,2,3,30,0,0,0,0.4295855760574341,15.362634277343775,129.97945723770005
5860,2014,9,2,4,30,0,0,0,0.5769654512405396,15.256677246093775,117.29847640540682
5861,2014,9,2,5,30,0,0,0,0.8613608479499817,15.17608032226565,103.89777215810557
5862,2014,9,2,6,30,0,0,0,1.1639564037322998,15.39837036132815,90.11605778749859
5863,2014,9,2,7,30,155,86,289,1.45136296749115,16.205529785156273,76.14841522919127
5864,2014,9,2,8,30,362,181,386,1.6826986074447632,17.744470214843773,62.10549375123122
5865,2014,9,2,9,30,224,212,17,1.8144664764404297,19.653649902343773,48.11444275905716
5866,2014,9,2,10,30,287,268,23,1.8428425788879397,21.348352050781273,34.39390121348173
5867,2014,9,2,11,30,329,304,26,1.773552656173706,22.797265625000023,21.61489120383338
5868,2014,9,2,12,30,347,319,28,1.644137620925903,23.771691894531273,13.086186668113227
5869,2014,9,2,13,30,1000,132,908,1.5165877342224119,23.976434326171894,17.217405238304167
5870,2014,9,2,14,30,901,127,884,1.3991665840148926,23.534936523437523,29.02261058991669
5871,2014,9,2,15,30,738,118,840,1.2889375686645508,22.827905273437523,42.50267859685268
5872,2014,9,2,16,30,430,222,376,1.2426979541778564,21.888757324218773,56.428026477156074
5873,2014,9,2,17,30,173,139,100,1.2975184917449951,20.533959960937523,70.47622177453384
5874,2014,9,2,18,30,6,6,0,1.4785808324813845,19.083978271484398,84.50221161308278
5875,2014,9,2,19,30,0,0,0,1.7193191051483154,17.990167236328148,98.39478726628151
5876,2014,9,2,20,30,0,0,0,1.8461365699768064,17.153924560546898,112.0034597935186
5877,2014,9,2,21,30,0,0,0,1.8513144254684448,16.404962158203148,125.07432714283001
5878,2014,9,2,22,30,0,0,0,1.8316352367401123,15.81694946289065,137.07877367437575
5879,2014,9,2,23,30,0,0,0,1.8068046569824217,15.490869140625026,146.81138298690644
5880,2014,9,3,0,30,0,0,0,1.7747303247451782,15.2309509277344,151.79446362292043
5881,2014,9,3,1,30,0,0,0,1.7878278493881226,14.940698242187526,149.58946141934587
5882,2014,9,3,2,30,0,0,0,1.8924261331558228,14.850061035156275,141.4116788601141
5883,2014,9,3,3,30,0,0,0,1.9794541597366333,14.856408691406275,130.1243063481073
5884,2014,9,3,4,30,0,0,0,1.9767295122146609,14.839868164062526,117.39864079045552
5885,2014,9,3,5,30,0,0,0,1.951773166656494,14.85515747070315,103.96955932901686
5886,2014,9,3,6,30,0,0,0,2.0076954364776607,15.150964355468775,90.17030703392471
5887,2014,9,3,7,30,26,26,0,2.101270198822021,15.979516601562526,76.19369528904531
5888,2014,9,3,8,30,62,62,0,2.1156582832336426,17.299554443359398,62.14998319337619
5889,2014,9,3,9,30,460,311,223,2.102222442626953,18.859246826171894,48.16911720898457
5890,2014,9,3,10,30,331,305,30,2.0609698295593257,20.252923583984398,34.47887910426323
5891,2014,9,3,11,30,465,411,58,1.9344037771224976,21.219415283203148,21.779415999891867
5892,2014,9,3,12,30,475,423,53,1.775519609451294,21.805688476562523,13.427022784454751
5893,2014,9,3,13,30,645,467,185,1.6928775310516355,22.132501220703148,17.548325782512137
5894,2014,9,3,14,30,502,416,98,1.6370365619659424,22.130517578125023,29.27211488207973
5895,2014,9,3,15,30,496,350,198,1.498386025428772,21.656121826171894,42.716237747888094
5896,2014,9,3,16,30,281,240,74,1.3133318424224854,20.768853759765648,56.62757013636829
5897,2014,9,3,17,30,227,122,315,1.2012324333190918,19.662530517578148,70.67306049054291
5898,2014,9,3,18,30,51,51,0,1.2795109748840332,18.538171386718773,84.70388964718525
5899,2014,9,3,19,30,0,0,0,1.4896676540374756,17.705468750000023,98.60809745348108
5900,2014,9,3,20,30,0,0,0,1.7426759004592896,17.162500000000026,112.23594329738563
5901,2014,9,3,21,30,0,0,0,1.9805754423141482,16.726068115234398,125.33591522587349
5902,2014,9,3,22,30,0,0,0,2.0902810096740723,16.347467041015648,137.3824175696668
5903,2014,9,3,23,30,0,0,0,2.1002297401428223,15.989465332031275,147.16607239210737
5904,2014,9,4,0,30,0,0,0,2.095252990722656,15.648950195312526,152.16864886254555
5905,2014,9,4,1,30,0,0,0,2.092080354690552,15.331018066406275,149.89709714650016
5906,2014,9,4,2,30,0,0,0,2.0155925750732417,15.0826354980469,141.6243991114229
5907,2014,9,4,3,30,0,0,0,1.822476863861084,14.9313903808594,130.26754421486876
5908,2014,9,4,4,30,0,0,0,1.5786690711975098,14.801110839843775,117.49748379535568
5909,2014,9,4,5,30,0,0,0,1.341632843017578,14.677209472656275,104.04044372805956
5910,2014,9,4,6,30,0,0,0,1.1214148998260498,14.902795410156275,90.22413096195412
5911,2014,9,4,7,30,68,68,0,0.9289786815643309,15.800073242187526,76.239104273954
5912,2014,9,4,8,30,278,211,142,0.8551418781280518,17.108636474609398,62.19528942547522
5913,2014,9,4,9,30,480,328,228,0.8908789157867432,18.360772705078148,48.22555290420127
5914,2014,9,4,10,30,519,427,112,0.9210017919540404,19.384454345703148,34.56705900410602
5915,2014,9,4,11,30,731,495,253,0.8983413577079773,20.242913818359398,21.949230934723104
5916,2014,9,4,12,30,103,103,0,0.8721140027046204,20.921319580078148,13.771336725157214
5917,2014,9,4,13,30,488,445,45,0.9090486764907836,21.329675292968773,17.883231695912002
5918,2014,9,4,14,30,825,406,480,0.9604837894439696,21.387719726562523,29.526061922429466
5919,2014,9,4,15,30,379,335,59,0.9227501153945924,21.013970947265648,42.933440610435404
5920,2014,9,4,16,30,64,64,0,0.7803559303283691,20.318902587890648,56.83004931770513
5921,2014,9,4,17,30,49,49,0,0.6715233325958252,19.394128417968773,70.87227753245392
5922,2014,9,4,18,30,33,33,0,0.6994473934173584,18.419152832031273,84.90749370769181
5923,2014,9,4,19,30,0,0,0,0.8168679475784302,17.708551025390648,98.82296406298515
5924,2014,9,4,20,30,0,0,0,0.9569924473762512,17.206506347656273,112.46968763405776
5925,2014,9,4,21,30,0,0,0,1.0201084613800049,16.733758544921898,125.59859317858131
5926,2014,9,4,22,30,0,0,0,0.9542120099067688,16.315454101562526,137.68726086558428
5927,2014,9,4,23,30,0,0,0,0.8197132349014282,16.021630859375026,147.5225790422905
5928,2014,9,5,0,30,0,0,0,0.6688457727432251,15.83550415039065,152.54481508817233
5929,2014,9,5,1,30,0,0,0,0.4799372553825378,15.692407226562526,150.20461738472534
5930,2014,9,5,2,30,0,0,0,0.1930573433637619,15.55095825195315,141.8355824277681
5931,2014,9,5,3,30,0,0,0,0.1661541908979416,15.363793945312526,130.40913005442508
5932,2014,9,5,4,30,0,0,0,0.4260317087173462,15.077966308593775,117.59500126396178
5933,2014,9,5,5,30,0,0,0,0.619868278503418,14.88311157226565,104.11044526623178
5934,2014,9,5,6,30,0,0,0,0.7847320437431335,15.636865234375026,90.27756662106638
5935,2014,9,5,7,30,57,57,0,1.003448724746704,16.993829345703148,76.28469271915074
5936,2014,9,5,8,30,37,37,0,1.2236058712005615,18.348443603515648,62.24147411683386
5937,2014,9,5,9,30,58,58,0,1.340185284614563,19.935662841796894,48.283819667505725
5938,2014,9,5,10,30,837,123,868,1.3557524681091309,21.570520019531273,34.658506604998
5939,2014,9,5,11,30,961,130,897,1.3181494474411009,23.091241455078148,22.124321118414386
5940,2014,9,5,12,30,806,373,446,1.2979333400726318,23.983789062500023,14.11897500820713
5941,2014,9,5,13,30,628,470,166,1.3846654891967771,23.966577148437523,18.221920724201453
5942,2014,9,5,14,30,435,385,57,1.719160795211792,23.29110107421877,29.78430616309455
5943,2014,9,5,15,30,507,345,221,2.221953868865967,22.264886474609398,43.15417682412338
5944,2014,9,5,16,30,335,248,159,2.6343483924865723,20.909783935546894,57.03536240413125
5945,2014,9,5,17,30,162,134,87,2.8702878952026367,19.183007812500023,71.07377051386659
5946,2014,9,5,18,30,41,41,0,3.0489892959594727,17.640252685546898,85.11291997102336
5947,2014,9,5,19,30,0,0,0,3.185420513153076,16.691339111328148,99.03927175656477
5948,2014,9,5,20,30,0,0,0,3.1881356239318848,16.173120117187526,112.70456700311364
5949,2014,9,5,21,30,0,0,0,3.0902485847473145,15.8149353027344,125.86222272145143
5950,2014,9,5,22,30,0,0,0,2.9492249488830566,15.436303710937526,137.99315586715826
5951,2014,9,5,23,30,0,0,0,2.8061890602111816,15.023461914062526,147.8807702567412
5952,2014,9,6,0,30,0,0,0,2.6620290279388428,14.638696289062526,152.9228583787855
5953,2014,9,6,1,30,0,0,0,2.4898457527160645,14.3292175292969,150.51188871234828
5954,2014,9,6,2,30,0,0,0,2.273201704025269,14.02752075195315,142.0451363804496
5955,2014,9,6,3,30,0,0,0,2.062933444976806,13.717004394531275,130.54902617346622
5956,2014,9,6,4,30,0,0,0,1.9236695766448972,13.426354980468775,117.691191744016
5957,2014,9,6,5,30,0,0,0,1.8355892896652224,13.199548339843775,104.17958596422045
5958,2014,9,6,6,30,0,0,0,1.776023268699646,13.5816589355469,90.33065254586175
5959,2014,9,6,7,30,183,64,503,1.7807352542877195,15.02532348632815,76.33051198596401
5960,2014,9,6,8,30,430,94,722,1.8412927389144895,17.359796142578148,62.288598938607635
5961,2014,9,6,9,30,660,112,824,1.9796386957168581,20.033258056640648,48.34398605540048
5962,2014,9,6,10,30,846,124,879,2.1862812042236333,22.383660888671894,34.75328380887406
5963,2014,9,6,11,30,970,131,907,2.406624317169189,24.135369873046894,22.304663425806734
5964,2014,9,6,12,30,1022,134,917,2.6512906551361084,25.121209716796894,14.469786911338673
5965,2014,9,6,13,30,997,133,911,2.9093713760375977,25.366479492187523,18.564194180434587
5966,2014,9,6,14,30,897,128,889,3.152012825012207,24.937036132812523,30.046699084023
5967,2014,9,6,15,30,732,118,843,3.3852934837341313,23.725030517578148,43.37833280670706
5968,2014,9,6,16,30,515,103,761,3.619031667709351,21.859521484375023,57.24340510442675
5969,2014,9,6,17,30,272,78,605,3.6890149116516113,19.632165527343773,71.27743485646413
5970,2014,9,6,18,30,72,72,0,3.7207236289978023,17.532800292968773,85.32004968064095
5971,2014,9,6,19,30,0,0,0,3.814150333404541,16.153924560546898,99.25690362578257
5972,2014,9,6,20,30,0,0,0,3.84777307510376,15.4732604980469,112.94045414384756
5973,2014,9,6,21,30,0,0,0,3.885797023773194,14.9923034667969,126.12666397881722
5974,2014,9,6,22,30,0,0,0,3.8938159942626953,14.47820434570315,138.29995279764557
5975,2014,9,6,23,30,0,0,0,3.857773303985596,13.94353637695315,148.24051134684592
5976,2014,9,7,0,30,0,0,0,3.8089709281921382,13.4188171386719,153.30267453057903
5977,2014,9,7,1,30,0,0,0,3.738023281097412,12.91668090820315,150.818777377539
5978,2014,9,7,2,30,0,0,0,3.577110290527344,12.45159301757815,142.25297103373404
5979,2014,9,7,3,30,0,0,0,3.3470673561096187,12.0649353027344,130.68719800996044
5980,2014,9,7,4,30,0,0,0,3.1384994983673096,11.740441894531275,117.78605647017706
5981,2014,9,7,5,30,0,0,0,2.9484896659851074,11.5234313964844,104.24788990359751
5982,2014,9,7,6,30,0,0,0,2.725536346435547,12.350305175781275,90.38342868629452
5983,2014,9,7,7,30,184,64,508,2.551094055175781,14.914086914062526,76.37661417408981
5984,2014,9,7,8,30,432,94,728,2.4511404037475586,18.444879150390648,62.33672545470481
5985,2014,9,7,9,30,664,112,830,2.385631799697876,21.743890380859398,48.406119219870604
5986,2014,9,7,10,30,851,124,885,2.458156108856201,24.149468994140648,34.85144857135946
5987,2014,9,7,11,30,976,131,913,2.6680655479431152,25.555688476562523,22.490226676634027
5988,2014,9,7,12,30,1027,134,923,2.930386066436768,25.98616943359377,14.823624241087186
5989,2014,9,7,13,30,1001,133,917,3.1651630401611333,25.527612304687523,18.9098568749654
5990,2014,9,7,14,30,899,128,893,3.4140219688415527,24.151147460937523,30.313089472990622
5991,2014,9,7,15,30,732,119,846,3.7363672256469727,22.244226074218773,43.60579191315141
5992,2014,9,7,16,30,513,103,762,4.032042980194092,20.273034667968773,57.45407056125902
5993,2014,9,7,17,30,270,78,604,4.1443495750427255,18.211633300781273,71.48316387810178
5994,2014,9,7,18,30,0,0,0,4.071166038513184,16.422235107421898,85.52877607844256
5995,2014,9,7,19,30,0,0,0,3.986671447753906,15.29790649414065,99.47574126825985
5996,2014,9,7,20,30,0,0,0,3.9124679565429688,14.629357910156275,113.17722040838639
5997,2014,9,7,21,30,0,0,0,3.8085966110229488,14.152368164062526,126.39177554082896
5998,2014,9,7,22,30,0,0,0,3.694575309753418,13.73735961914065,138.60749981771514
5999,2014,9,7,23,30,0,0,0,3.5635035037994385,13.31780395507815,148.6016655674724
6000,2014,9,8,0,30,0,0,0,3.411780834197998,12.9107604980469,153.68415907993426
6001,2014,9,8,1,30,0,0,0,3.2400331497192383,12.519677734375026,151.12514935752742
6002,2014,9,8,2,30,0,0,0,3.0183815956115723,12.15361938476565,142.45899906723741
6003,2014,9,8,3,30,0,0,0,2.783021211624145,11.84478149414065,130.823614170223
6004,2014,9,8,4,30,0,0,0,2.6217288970947266,11.58391723632815,117.87959934341691
6005,2014,9,8,5,30,0,0,0,2.5289711952209477,11.434716796875026,104.315383175327
6006,2014,9,8,6,30,0,0,0,2.4505910873413086,12.22222290039065,90.43593633587469
6007,2014,9,8,7,30,171,72,422,2.3975839614868164,14.4610534667969,76.4230520324403
6008,2014,9,8,8,30,330,196,288,2.4209017753601074,17.423486328125026,62.38591501196206
6009,2014,9,8,9,30,414,317,146,2.5116488933563232,20.445916748046894,48.47028477150068
6010,2014,9,8,10,30,540,402,167,2.618324279785156,22.87044677734377,34.953054754272465
6011,2014,9,8,11,30,687,438,269,2.7202682495117188,24.175225830078148,22.680971838418714
6012,2014,9,8,12,30,399,366,34,2.8251972198486333,24.256829833984398,15.180341117891828
6013,2014,9,8,13,30,654,465,200,2.870209217071533,23.283837890625023,19.258717029500843
6014,2014,9,8,14,30,588,422,192,2.920296192169189,22.086541748046894,30.583323694253906
6015,2014,9,8,15,30,533,331,280,3.0913515090942383,21.016595458984398,43.83643459427002
6016,2014,9,8,16,30,439,192,462,3.2423205375671387,19.855096435546894,57.667249460022575
6017,2014,9,8,17,30,148,128,63,3.3170504570007324,18.516900634765648,71.69084888180625
6018,2014,9,8,18,30,0,0,0,3.4760770797729488,17.144616699218773,85.73898646295456
6019,2014,9,8,19,30,0,0,0,3.635161876678467,16.059442138671898,99.69566486538695
6020,2014,9,8,20,30,0,0,0,3.6627063751220703,15.2830749511719,113.41473583681395
6021,2014,9,8,21,30,0,0,0,3.6243529319763184,14.7650085449219,126.65741452820141
6022,2014,9,8,22,30,0,0,0,3.536830425262451,14.408349609375026,138.9156430468451
6023,2014,9,8,23,30,0,0,0,3.3996357917785645,14.127587890625026,148.9640940643914
6024,2014,9,9,0,30,0,0,0,3.2387967109680176,13.933862304687526,154.06720732615014
6025,2014,9,9,1,30,0,0,0,3.0799665451049805,13.7711120605469,151.4308704220685
6026,2014,9,9,2,30,0,0,0,2.9055266380310063,13.6129089355469,142.66313589787381
6027,2014,9,9,3,30,0,0,0,2.718726634979248,13.44634399414065,130.9582464614373
6028,2014,9,9,4,30,0,0,0,2.5709147453308105,13.253381347656275,117.97182690635894
6029,2014,9,9,5,30,0,0,0,2.4544670581817627,13.083825683593775,104.38209382520469
6030,2014,9,9,6,30,0,0,0,2.360236644744873,13.59124145507815,90.48821805773348
6031,2014,9,9,7,30,58,58,0,2.427943706512451,15.43535766601565,76.4698788685537
6032,2014,9,9,8,30,139,136,6,2.4273881912231445,18.371545410156273,62.436228629815595
6033,2014,9,9,9,30,103,102,0,2.210532188415528,21.629266357421894,48.536546643944476
6034,2014,9,9,10,30,132,125,8,2.0427374839782715,24.19857177734377,35.058151987056185
6035,2014,9,9,11,30,958,130,898,1.9340697526931765,25.630517578125023,22.876852249679036
6036,2014,9,9,12,30,1008,133,907,1.7955944538116455,26.215966796875023,15.53979377681874
6037,2014,9,9,13,30,981,132,901,1.565307855606079,26.159600830078148,19.610586178838574
6038,2014,9,9,14,30,798,304,575,1.3173067569732666,25.289819335937523,30.8572459453964
6039,2014,9,9,15,30,634,229,563,1.1464039087295532,23.944329833984398,44.070138554422634
6040,2014,9,9,16,30,498,102,744,1.050971746444702,22.563684082031273,57.88283013837971
6041,2014,9,9,17,30,257,76,581,1.0418806076049805,21.031243896484398,71.9003792457616
6042,2014,9,9,18,30,0,0,0,1.0751101970672607,19.538812255859398,85.95056647706211
6043,2014,9,9,19,30,0,0,0,1.0736793279647827,18.391046142578148,99.91655326147628
6044,2014,9,9,20,30,0,0,0,1.0112839937210083,17.567712402343773,113.6528692342614
6045,2014,9,9,21,30,0,0,0,0.90360426902771,16.994744873046898,126.9234366598013
6046,2014,9,9,22,30,0,0,0,0.818416953086853,16.620141601562526,139.22422658719498
6047,2014,9,9,23,30,0,0,0,0.7802829742431641,16.367608642578148,149.3276558176531
6048,2014,9,10,0,30,0,0,0,0.7183376550674438,16.195428466796898,154.4517143538477
6049,2014,9,10,1,30,0,0,0,0.6275033950805664,16.065820312500026,151.73580620150997
6050,2014,9,10,2,30,0,0,0,0.533342182636261,15.967065429687526,142.8652998013456
6051,2014,9,10,3,30,0,0,0,0.35514476895332336,15.787866210937526,131.09106991972203
6052,2014,9,10,4,30,0,0,0,0.1657176911830902,15.519921875000026,118.06274831482428
6053,2014,9,10,5,30,0,0,0,0.22248247265815732,15.2412048339844,104.44805179669711
6054,2014,9,10,6,30,0,0,0,0.4234006404876709,15.400720214843775,90.54031760889252
6055,2014,9,10,7,30,178,63,491,0.5945297479629517,16.654840087890648,76.51714845686367
6056,2014,9,10,8,30,422,93,712,0.699411153793335,18.833093261718773,62.48772688968174
6057,2014,9,10,9,30,651,112,815,0.7468402981758118,20.713922119140648,48.60496696024339
6058,2014,9,10,10,30,835,123,870,0.8609188795089722,21.824792480468773,35.16678553795886
6059,2014,9,10,11,30,958,130,899,1.028950810432434,22.487451171875023,23.077813861051727
6060,2014,9,10,12,30,1008,133,909,1.2635068893432615,22.73836669921877,15.901840383129963
6061,2014,9,10,13,30,982,132,903,1.606698513031006,22.757318115234398,19.965279063453092
6062,2014,9,10,14,30,881,127,881,2.0246932506561284,22.553460693359398,31.13469850218214
6063,2014,9,10,15,30,716,118,835,2.4346718788146973,22.053796386718773,44.306778907982284
6064,2014,9,10,16,30,198,189,16,2.6628541946411133,21.181207275390648,58.10069869633743
6065,2014,9,10,17,30,258,76,592,2.687583446502685,19.848016357421894,72.11164251414367
6066,2014,9,10,18,30,0,0,0,2.6920757293701167,18.380181884765648,86.16340018606655
6067,2014,9,10,19,30,0,0,0,2.6923625469207764,17.267785644531273,100.13828404430441
6068,2014,9,10,20,30,0,0,0,2.6288683414459233,16.485437011718773,113.89148825014335
6069,2014,9,10,21,30,0,0,0,2.492642402648926,15.881555175781275,127.18969632339142
6070,2014,9,10,22,30,0,0,0,2.305196523666382,15.385949707031275,139.5330925504265
6071,2014,9,10,23,30,0,0,0,2.135112762451172,14.94768676757815,149.69220758085578
6072,2014,9,11,0,30,0,0,0,2.0113210678100586,14.55401000976565,154.83757505519105
6073,2014,9,11,1,30,0,0,0,1.9232833385467532,14.331201171875026,152.03982225997342
6074,2014,9,11,2,30,0,0,0,1.795386552810669,14.27666625976565,143.06541203283373
6075,2014,9,11,3,30,0,0,0,1.6879712343215942,14.13176879882815,131.22206283348046
6076,2014,9,11,4,30,0,0,0,1.679019331932068,13.8492370605469,118.15237530543185
6077,2014,9,11,5,30,0,0,0,1.6710407733917236,13.530664062500026,104.51328887082813
6078,2014,9,11,6,30,0,0,0,1.6432142257690432,13.882165527343775,90.592506749506
6079,2014,9,11,7,30,183,64,510,1.6755008697509766,15.563317871093775,76.56491494572789
6080,2014,9,11,8,30,433,94,734,1.9414875507354736,18.828668212890648,62.54046982405242
6081,2014,9,11,9,30,665,113,836,2.1942579746246342,22.441369628906273,48.67560590122663
6082,2014,9,11,10,30,851,125,890,2.2264370918273926,24.777520751953148,35.27899619501071
6083,2014,9,11,11,30,974,132,917,2.2630627155303955,25.716088867187523,23.28379549156024
6084,2014,9,11,12,30,1024,134,926,2.3839683532714844,25.490502929687523,16.26634086184066
6085,2014,9,11,13,30,995,133,918,2.6118783950805664,24.525506591796894,20.322613515636466
6086,2014,9,11,14,30,891,128,893,2.893727779388428,23.177209472656273,31.415521951231103
6087,2014,9,11,15,30,721,118,845,3.125730037689209,21.645257568359398,44.54622833414577
6088,2014,9,11,16,30,501,102,759,3.214066982269287,20.050653076171894,58.32073910660303
6089,2014,9,11,17,30,257,76,595,3.0979409217834477,18.466119384765648,72.32452448875007
6090,2014,9,11,18,30,0,0,0,2.9061851501464844,17.160913085937526,86.37737015742881
6091,2014,9,11,19,30,0,0,0,2.742539167404175,16.337182617187526,100.36073362705584
6092,2014,9,11,20,30,0,0,0,2.6788561344146733,15.7451110839844,114.1304594594427
6093,2014,9,11,21,30,0,0,0,2.7193922996521,15.2015319824219,127.45604664946545
6094,2014,9,11,22,30,0,0,0,2.729015350341797,14.7746520996094,139.84208108764062
6095,2014,9,11,23,30,0,0,0,2.689855098724365,14.43071899414065,150.057603816135
6096,2014,9,12,0,30,0,0,0,2.6244397163391118,14.006982421875026,155.22468415183897
6097,2014,9,12,1,30,0,0,0,2.5578813552856445,13.550622558593775,152.34278417381202
6098,2014,9,12,2,30,0,0,0,2.4443063735961914,13.260400390625026,143.2633969463347
6099,2014,9,12,3,30,0,0,0,2.342072010040283,13.021020507812526,131.35120676197164
6100,2014,9,12,4,30,0,0,0,2.409440040588379,12.692102050781275,118.24072215951936
6101,2014,9,12,5,30,0,0,0,2.569477081298828,12.433190917968775,104.5778386036743
6102,2014,9,12,6,30,0,0,0,2.75374698638916,12.78215942382815,90.64485549694794
6103,2014,9,12,7,30,181,64,507,3.0600366592407227,14.3404479980469,76.61323276345956
6104,2014,9,12,8,30,431,94,731,3.335246324539185,16.915246582031273,62.594516805591184
6105,2014,9,12,9,30,663,113,834,3.3780832290649414,19.793328857421894,48.74852157620396
6106,2014,9,12,10,30,848,124,887,3.1909456253051762,22.505364990234398,35.39482015747789
6107,2014,9,12,11,30,970,131,914,2.8651657104492188,24.59578857421877,23.49472909805393
6108,2014,9,12,12,30,1018,134,922,2.4996559619903564,25.842218017578148,16.633156740702614
6109,2014,9,12,13,30,893,390,537,2.118490219116211,26.208306884765648,20.68241034128488
6110,2014,9,12,14,30,816,296,611,1.8202195167541504,25.626763916015648,31.69955541044435
6111,2014,9,12,15,30,137,135,3,1.7080647945404053,24.152551269531273,44.788357229731254
6112,2014,9,12,16,30,31,31,0,1.8038066625595093,22.299157714843773,58.54283332501405
6113,2014,9,12,17,30,135,121,49,2.052197933197021,20.418572998046894,72.53890932116485
6114,2014,9,12,18,30,0,0,0,2.335254430770874,18.534539794921894,86.59235754248456
6115,2014,9,12,19,30,0,0,0,2.607556104660034,16.975152587890648,100.58377733183
6116,2014,9,12,20,30,0,0,0,2.8628361225128174,15.86016235351565,114.36964844636006
6117,2014,9,12,21,30,0,0,0,3.0283164978027344,15.193200683593775,127.72233958878115
6118,2014,9,12,22,30,0,0,0,3.055073499679565,14.83428344726565,140.15103042319538
6119,2014,9,12,23,30,0,0,0,2.986569881439209,14.5782409667969,150.42369662502162
6120,2014,9,13,0,30,0,0,0,2.886116504669189,14.325280761718775,155.61293621674037
6121,2014,9,13,1,30,0,0,0,2.773211479187012,14.04155883789065,152.64455761589898
6122,2014,9,13,2,30,0,0,0,2.5573899745941158,13.79131469726565,143.45918211239768
6123,2014,9,13,3,30,0,0,0,2.2817487716674805,13.59819946289065,131.47848654881017
6124,2014,9,13,4,30,0,0,0,2.1705565452575684,13.41033325195315,118.32780566293442
6125,2014,9,13,5,30,0,0,0,2.2466111183166504,13.2748962402344,104.64173626090687
6126,2014,9,13,6,30,0,0,0,2.357429027557373,13.53423461914065,90.69710290038502
6127,2014,9,13,7,30,76,74,7,2.524285316467285,14.375573730468775,76.66215652343189
6128,2014,9,13,8,30,267,206,134,2.646879911422729,15.611413574218775,62.64992643637398
6129,2014,9,13,9,30,431,313,178,2.6017885208129883,17.201531982421898,48.82376989636131
6130,2014,9,13,10,30,551,397,189,2.446396827697754,19.049584960937523,35.514288937827274
6131,2014,9,13,11,30,702,420,307,2.140514612197876,20.556420898437523,23.710540054694423
6132,2014,9,13,12,30,824,348,497,1.7966806888580322,21.441186523437523,17.002151005510854
6133,2014,9,13,13,30,754,402,376,1.602874755859375,21.755761718750023,21.044493199525434
6134,2014,9,13,14,30,707,330,444,1.5890672206878662,21.569665527343773,31.98663673740348
6135,2014,9,13,15,30,445,338,150,1.5840897560119631,21.119958496093773,45.03303385982861
6136,2014,9,13,16,30,206,194,23,1.4324679374694824,20.413537597656273,58.7668614010204
6137,2014,9,13,17,30,124,115,29,1.2144438028335571,19.363977050781273,72.75467960573465
6138,2014,9,13,18,30,0,0,0,1.0962111949920654,18.286187744140648,86.80824216000534
6139,2014,9,13,19,30,0,0,0,1.162135124206543,17.491021728515648,100.8072894745578
6140,2014,9,13,20,30,0,0,0,1.419912576675415,16.849786376953148,114.60891989020443
6141,2014,9,13,21,30,0,0,0,1.7579870223999023,16.278680419921898,127.98842599338244
6142,2014,9,13,22,30,0,0,0,2.0252349376678467,15.812829589843775,140.4597768925023
6143,2014,9,13,23,30,0,0,0,2.171783924102783,15.492883300781275,150.7903356749279
6144,2014,9,14,0,30,0,0,0,2.220061779022217,15.23150024414065,156.0022256957226
6145,2014,9,14,1,30,0,0,0,2.2409958839416504,14.96343383789065,152.94500844604005
6146,2014,9,14,2,30,0,0,0,2.1580586433410645,14.7178894042969,143.65269843378042
6147,2014,9,14,3,30,0,0,0,1.978534698486328,14.5137878417969,131.60389033052135
6148,2014,9,14,4,30,0,0,0,1.84397554397583,14.30828247070315,118.4136450623982
6149,2014,9,14,5,30,0,0,0,1.755709886550903,14.10247192382815,104.70501875019144
6150,2014,9,14,6,30,0,0,0,1.679629683494568,14.4631286621094,90.74930920339108
6151,2014,9,14,7,30,130,87,185,1.781124711036682,15.6345153808594,76.7117409283016
6152,2014,9,14,8,30,313,198,250,2.075537919998169,17.365197753906273,62.70675643731868
6153,2014,9,14,9,30,524,269,387,2.2610301971435547,19.009515380859398,48.90140445101316
6154,2014,9,14,10,30,604,376,280,2.290591239929199,20.184442138671894,35.637429274621525
6155,2014,9,14,11,30,250,228,23,2.28894591331482,21.011529541015648,23.931147440750514
6156,2014,9,14,12,30,416,379,39,2.31473445892334,21.205194091796894,17.37318796721833
6157,2014,9,14,13,30,469,414,58,2.374100685119629,20.894952392578148,21.408688481487342
6158,2014,9,14,14,30,605,404,236,2.5143685340881348,20.289025878906273,32.27660272577345
6159,2014,9,14,15,30,385,324,86,2.634423017501831,19.498773193359398,45.280124505958995
6160,2014,9,14,16,30,150,149,1,2.5816690921783447,18.646752929687523,58.99270158798635
6161,2014,9,14,17,30,145,120,85,2.566929817199707,17.693536376953148,72.97171647293446
6162,2014,9,14,18,30,0,0,0,2.7539191246032715,16.804315185546898,87.02490258155964
6163,2014,9,14,19,30,0,0,0,3.007500648498535,16.118981933593773,101.03114345136093
6164,2014,9,14,20,30,0,0,0,3.2315821647644043,15.4993835449219,114.84813765361706
6165,2014,9,14,21,30,0,0,0,3.393338680267334,14.881921386718775,128.25415570148613
6166,2014,9,14,22,30,0,0,0,3.473890542984009,14.3674255371094,140.76815498441837
6167,2014,9,14,23,30,0,0,0,3.5020766258239746,14.003381347656275,151.15736812133605
6168,2014,9,15,0,30,0,0,0,3.469604969024658,13.696313476562526,156.39244692895443
6169,2014,9,15,1,30,0,0,0,3.387417316436768,13.385949707031275,153.24400280801387
6170,2014,9,15,2,30,0,0,0,3.2801952362060547,13.082910156250026,143.84388025870652
6171,2014,9,15,3,30,0,0,0,3.1936249732971187,12.788720703125026,131.7274095399053
6172,2014,9,15,4,30,0,0,0,3.1629109382629395,12.507653808593775,118.49826201793613
6173,2014,9,15,5,30,0,0,0,3.1355369091033936,12.2447448730469,104.7677245509046
6174,2014,9,15,6,30,0,0,0,3.1123697757720947,12.39080200195315,90.80153217851343
6175,2014,9,15,7,30,70,70,0,3.175943613052368,13.3476501464844,76.76204067366113
6176,2014,9,15,8,30,314,202,245,3.1488494873046875,15.331689453125026,62.765063538322345
6177,2014,9,15,9,30,462,313,227,2.9869093894958496,17.836450195312523,48.981476387211195
6178,2014,9,15,10,30,842,124,884,2.794290542602539,20.383935546875023,35.764263056608016
6179,2014,9,15,11,30,709,433,302,2.563486337661743,22.976861572265648,24.15646433409266
6180,2014,9,15,12,30,1011,134,920,2.400355100631714,25.05794677734377,17.74613313992731
6181,2014,9,15,13,30,981,133,913,2.3438282012939453,26.060723876953148,21.77482518967737
6182,2014,9,15,14,30,876,128,888,2.453125,25.933068847656273,32.569289289986834
6183,2014,9,15,15,30,705,118,839,2.756799936294556,24.899194335937523,45.52949361146685
6184,2014,9,15,16,30,364,224,272,3.2083749771118164,23.145471191406273,59.22023045309544
6185,2014,9,15,17,30,183,114,236,3.5175664424896236,20.705804443359398,73.18989968313178
6186,2014,9,15,18,30,0,0,0,3.7124118804931636,18.265954589843773,87.24221621895607
6187,2014,9,15,19,30,0,0,0,3.904956340789795,16.644891357421898,101.25521182647564
6188,2014,9,15,20,30,0,0,0,3.928709506988525,15.63665161132815,115.08716487330179
6189,2014,9,15,21,30,0,0,0,3.841437101364136,14.9877868652344,128.51937762650022
6190,2014,9,15,22,30,0,0,0,3.734837055206299,14.6253601074219,141.075997388791
6191,2014,9,15,23,30,0,0,0,3.65449857711792,14.331750488281275,151.5246385257575
6192,2014,9,16,0,30,0,0,0,3.6166839599609375,13.988427734375026,156.7834941722846
6193,2014,9,16,1,30,0,0,0,3.6148869991302486,13.632958984375026,153.5414072335149
6194,2014,9,16,2,30,0,0,0,3.554711103439331,13.270227050781275,144.03266549105973
6195,2014,9,16,3,30,0,0,0,3.49899959564209,12.920312500000026,131.8490389040183
6196,2014,9,16,4,30,0,0,0,3.467094898223877,12.589318847656275,118.58168055162065
6197,2014,9,16,5,30,0,0,0,3.4110236167907715,12.397424316406275,104.82989364160231
6198,2014,9,16,6,30,0,0,0,3.389620065689087,12.9927917480469,90.85382805090192
6199,2014,9,16,7,30,129,88,175,3.432814598083496,14.862512207031275,76.81311035102709
6200,2014,9,16,8,30,423,94,721,3.54994535446167,17.571038818359398,62.82490336882511
6201,2014,9,16,9,30,653,112,825,3.6319246292114262,20.229943847656273,49.06403429273156
6202,2014,9,16,10,30,699,309,480,3.6200549602508554,22.380090332031273,35.89480725790268
6203,2014,9,16,11,30,751,387,399,3.5825674533843994,24.01107177734377,24.386398108313607
6204,2014,9,16,12,30,800,379,443,3.5577707290649414,24.947778320312523,18.12085312908881
6205,2014,9,16,13,30,817,362,491,3.527040958404541,25.078576660156273,22.142734819027567
6206,2014,9,16,14,30,772,311,548,3.4183940887451167,24.561730957031273,32.864531638520845
6207,2014,9,16,15,30,697,117,831,3.2694993019104004,23.458306884765648,45.78100392413278
6208,2014,9,16,16,30,355,223,259,3.1667404174804688,21.802545166015648,59.449322986948964
6209,2014,9,16,17,30,158,117,141,3.0347111225128174,19.834344482421894,73.40910772093872
6210,2014,9,16,18,30,0,0,0,2.8941864967346187,18.139001464843773,87.46005941361473
6211,2014,9,16,19,30,0,0,0,2.7622604370117188,17.106225585937526,101.47936642165057
6212,2014,9,16,20,30,0,0,0,2.65881896018982,16.461541748046898,115.32586405321821
6213,2014,9,16,21,30,0,0,0,2.6378960609436035,15.980065917968775,128.78393985020674
6214,2014,9,16,22,30,0,0,0,2.565101861953736,15.621789550781275,141.38313504954087
6215,2014,9,16,23,30,0,0,0,2.4048714637756348,15.399255371093775,151.89198876943007
6216,2014,9,17,0,30,0,0,0,2.339876651763916,15.3579040527344,157.17526161848
6217,2014,9,17,1,30,0,0,0,2.4796767234802246,15.371118164062526,153.83708875347054
6218,2014,9,17,2,30,0,0,0,2.660222053527832,15.300805664062526,144.21899569731482
6219,2014,9,17,3,30,0,0,0,2.6433579921722408,15.191552734375026,131.96877643693085
6220,2014,9,17,4,30,0,0,0,2.327786922454834,15.104150390625026,118.66392699282659
6221,2014,9,17,5,30,0,0,0,1.7972294092178345,15.1077819824219,104.89156742522349
6222,2014,9,17,6,30,0,0,0,1.3162840604782104,15.77959594726565,90.90625206836576
6223,2014,9,17,7,30,133,86,206,1.3132842779159546,17.143914794921898,76.86500435033993
6224,2014,9,17,8,30,285,204,176,1.7732033729553225,18.934564208984398,62.886330349275376
6225,2014,9,17,9,30,399,312,132,2.279807806015014,20.902581787109398,49.149124082907385
6226,2014,9,17,10,30,831,123,874,2.6544511318206787,22.868768310546894,36.02907388468716
6227,2014,9,17,11,30,951,130,902,2.86588716506958,24.951104736328148,24.620850731618763
6228,2014,9,17,12,30,206,187,19,2.9346470832824707,26.42855224609377,18.497215529250468
6229,2014,9,17,13,30,847,373,512,2.9052271842956543,26.734826660156273,22.512251240452613
6230,2014,9,17,14,30,208,195,15,2.8360495567321777,25.962762451171894,33.16216443618865
6231,2014,9,17,15,30,450,334,167,2.787877559661865,24.487908935546894,46.03451663578498
6232,2014,9,17,16,30,240,213,53,2.743563175201416,22.876153564453148,59.6798527125711
6233,2014,9,17,17,30,128,113,51,2.722005605697632,21.043084716796894,73.62921788974144
6234,2014,9,17,18,30,0,0,0,2.747874975204468,19.328851318359398,87.67830752784194
6235,2014,9,17,19,30,0,0,0,2.7014265060424805,18.216516113281273,101.70347840706312
6236,2014,9,17,20,30,0,0,0,2.586808681488037,17.297540283203148,115.56409716037287
6237,2014,9,17,21,30,0,0,0,2.496372938156128,16.455499267578148,129.04768972043126
6238,2014,9,17,22,30,0,0,0,2.4615478515625,15.75994262695315,141.68939722393213
6239,2014,9,17,23,30,0,0,0,2.486990451812744,15.158166503906275,152.25925796287822
6240,2014,9,18,0,30,0,0,0,2.525354623794556,14.604821777343775,157.5676434184074
6241,2014,9,18,1,30,0,0,0,2.5204532146453857,14.155541992187526,154.13091501725418
6242,2014,9,18,2,30,0,0,0,2.4533133506774902,13.93694458007815,144.40281620962875
6243,2014,9,18,3,30,0,0,0,2.3876307010650635,13.913903808593775,132.08662342703343
6244,2014,9,18,4,30,0,0,0,2.3025438785552983,13.837670898437526,118.74502991980816
6245,2014,9,18,5,30,0,0,0,2.159393548965454,13.61455688476565,104.95278865206018
6246,2014,9,18,6,30,0,0,0,1.9837028980255127,14.457849121093775,90.95885885360869
6247,2014,9,18,7,30,173,62,489,1.898863673210144,17.132318115234398,76.91777676233094
6248,2014,9,18,8,30,419,93,716,2.058553457260132,20.410638427734398,62.94939758376048
6249,2014,9,18,9,30,648,112,821,2.3009345531463623,23.228265380859398,49.23678889155161
6250,2014,9,18,10,30,831,123,876,2.500930070877075,25.203118896484398,36.167069933140674
6251,2014,9,18,11,30,951,130,904,2.7469701766967773,25.846704101562523,24.859719065390703
6252,2014,9,18,12,30,425,387,40,2.977157592773437,25.303277587890648,18.875088830581962
6253,2014,9,18,13,30,467,414,57,3.133440971374512,24.338891601562523,22.88321058761453
6254,2014,9,18,14,30,859,126,878,3.235684871673584,22.981958007812523,33.462021955674246
6255,2014,9,18,15,30,688,116,827,3.3377461433410645,21.454125976562523,46.28989151867235
6256,2014,9,18,16,30,469,100,736,3.3850560188293457,20.110314941406273,59.91169179376941
6257,2014,9,18,17,30,227,72,559,3.3102838993072514,18.759729003906273,73.85010640664247
6258,2014,9,18,18,30,0,0,0,3.1749234199523926,17.518884277343773,87.89683503830567
6259,2014,9,18,19,30,0,0,0,2.970854997634888,16.602929687500026,101.92741839391458
6260,2014,9,18,20,30,0,0,0,2.7393031120300293,15.880151367187526,115.80172572326806
6261,2014,9,18,21,30,0,0,0,2.543798446655273,15.26275024414065,129.31047395336734
6262,2014,9,18,22,30,0,0,0,2.3998866081237797,14.73308715820315,141.99461154860882
6263,2014,9,18,23,30,0,0,0,2.3003008365631104,14.231591796875026,152.62628235155742
6264,2014,9,19,0,30,0,0,0,2.199514865875244,13.77776489257815,157.96053370215716
6265,2014,9,19,1,30,0,0,0,2.0642871856689453,13.418847656250026,154.4227544198811
6266,2014,9,19,2,30,0,0,0,1.9690200090408323,13.293054199218775,144.58407622447382
6267,2014,9,19,3,30,0,0,0,1.9469401836395264,13.236047363281275,132.2025844188361
6268,2014,9,19,4,30,0,0,0,1.9558451175689695,13.0967956542969,118.8250200978637
6269,2014,9,19,5,30,0,0,0,1.9756193161010744,13.027795410156275,105.01360134077984
6270,2014,9,19,6,30,0,0,0,1.946296453475952,13.693627929687526,91.01459444518377
6271,2014,9,19,7,30,175,63,497,1.902077078819275,15.95317993164065,76.97148128037415
6272,2014,9,19,8,30,424,94,728,2.0947537422180176,19.297601318359398,63.01415675352862
6273,2014,9,19,9,30,656,112,835,2.365525245666504,22.443994140625023,49.32706896601815
6274,2014,9,19,10,30,843,124,891,2.4684827327728267,24.781396484375023,36.30879735877605
6275,2014,9,19,11,30,965,131,920,2.5341696739196777,26.322290039062523,25.102895160931997
6276,2014,9,19,12,30,1012,134,930,2.573197841644287,27.127679443359398,19.254342333691564
6277,2014,9,19,13,30,980,132,922,2.528481960296631,27.300653076171894,23.25545114752695
6278,2014,9,19,14,30,872,127,896,2.3860387802124023,26.957055664062523,33.763938219061224
6279,2014,9,19,15,30,698,117,845,2.175211906433105,25.932336425781273,46.54698705884674
6280,2014,9,19,16,30,277,225,102,1.9873454570770264,24.263818359375023,60.144711142947294
6281,2014,9,19,17,30,228,71,571,1.9377264976501465,22.307427978515648,74.0716484976337
6282,2014,9,19,18,30,0,0,0,2.0364489555358887,20.761987304687523,88.11551563121321
6283,2014,9,19,19,30,0,0,0,2.1763243675231934,19.675927734375023,102.15105652832008
6284,2014,9,19,20,30,0,0,0,2.2222681045532227,18.618768310546894,116.03861093295478
6285,2014,9,19,21,30,0,0,0,2.1654949188232417,17.535974121093773,129.5721387406623
6286,2014,9,19,22,30,0,0,0,2.094425201416016,16.514520263671898,142.2986041128828
6287,2014,9,19,23,30,0,0,0,2.0289592742919917,15.669091796875026,152.99289521762572
6288,2014,9,20,0,30,0,0,0,1.9735867977142332,14.9410339355469,158.3538266001757
6289,2014,9,20,1,30,0,0,0,1.8880629539489744,14.4156433105469,154.71247623796077
6290,2014,9,20,2,30,0,0,0,1.6881089210510254,14.1166931152344,144.76272889670582
6291,2014,9,20,3,30,0,0,0,1.4253032207489014,14.0580993652344,132.31666718934244
6292,2014,9,20,4,30,0,0,0,1.1914575099945068,14.02666625976565,118.90393041415074
6293,2014,9,20,5,30,0,0,0,0.9895106554031372,13.85906372070315,105.07405069738176
6294,2014,9,20,6,30,0,0,0,0.7641555666923523,14.186242675781275,91.06758553908269
6295,2014,9,20,7,30,67,67,0,0.5471345782279968,15.7675720214844,77.02617110264823
6296,2014,9,20,8,30,321,193,282,0.3997886776924133,19.064599609375023,63.08065801227239
6297,2014,9,20,9,30,464,306,242,0.2151196002960205,23.394769287109398,49.42000156704053
6298,2014,9,20,10,30,580,391,235,0.11348596215248108,26.728906250000023,36.45425305708107
6299,2014,9,20,11,30,949,130,907,0.25288209319114685,28.24520263671877,25.35026655275206
6300,2014,9,20,12,30,995,132,916,0.5121899843215942,28.430230712890648,19.634846072056828
6301,2014,9,20,13,30,963,131,908,0.7969499826431274,27.763726806640648,23.62881325526108
6302,2014,9,20,14,30,675,362,378,1.078985333442688,26.517999267578148,34.067747129430664
6303,2014,9,20,15,30,154,150,5,1.390509843826294,24.970178222656273,46.80566058603929
6304,2014,9,20,16,30,290,224,132,1.7610824108123782,23.389764404296894,60.37878052792686
6305,2014,9,20,17,30,167,106,225,2.1022577285766597,21.632592773437523,74.29371849294661
6306,2014,9,20,18,30,0,0,0,2.330743789672852,19.835717773437523,88.33422229972975
6307,2014,9,20,19,30,0,0,0,2.4502720832824707,18.436334228515648,102.37426258701358
6308,2014,9,20,20,30,0,0,0,2.481534481048584,17.570092773437526,116.27461374689031
6309,2014,9,20,21,30,0,0,0,2.44026255607605,17.086450195312526,129.832529861501
6310,2014,9,20,22,30,0,0,0,2.3469700813293457,16.786187744140648,142.601199540041
6311,2014,9,20,23,30,0,0,0,2.2254483699798584,16.565942382812526,153.35892677827894
6312,2014,9,21,0,30,0,0,0,2.0645301342010502,16.355126953125026,158.74741626438768
6313,2014,9,21,1,30,0,0,0,1.8558624982833865,16.116479492187526,154.99995077441775
6314,2014,9,21,2,30,0,0,0,1.5733134746551514,15.882592773437526,144.9387314281642
6315,2014,9,21,3,30,0,0,0,1.2445893287658691,15.67400512695315,132.42888271886056
6316,2014,9,21,4,30,0,0,0,0.9649401307106018,15.49187622070315,118.98179580915905
6317,2014,9,21,5,30,0,0,0,0.7878681421279907,15.36028442382815,105.1341830323532
6318,2014,9,21,6,30,0,0,0,0.6875439882278442,15.929345703125026,91.12093397003024
6319,2014,9,21,7,30,117,86,138,0.6367912292480469,17.639550781250023,77.08189883409453
6320,2014,9,21,8,30,243,199,97,0.6842221021652222,19.832513427734398,63.14894988266714
6321,2014,9,21,9,30,425,309,178,0.7583787441253662,21.800286865234398,49.51562087319724
6322,2014,9,21,10,30,644,347,370,0.7841575145721436,23.341851806640648,36.603428855261924
6323,2014,9,21,11,30,939,128,899,0.8073745965957642,24.567926025390648,25.601716547144278
6324,2014,9,21,12,30,659,462,209,0.8137470483779907,25.308282470703148,20.016470741600514
6325,2014,9,21,13,30,638,449,206,0.8489758968353271,25.21346435546877,24.00313919323005
6326,2014,9,21,14,30,498,401,117,0.8344906568527222,24.234399414062523,34.37328259339725
6327,2014,9,21,15,30,359,309,74,0.650231122970581,22.983789062500023,47.06576840043461
6328,2014,9,21,16,30,20,20,0,0.4218461811542511,21.799005126953148,60.61376867814912
6329,2014,9,21,17,30,4,4,0,0.4215630888938904,20.563256835937523,74.51618992269391
6330,2014,9,21,18,30,0,0,0,0.7381856441497803,19.364739990234398,88.5528274432534
6331,2014,9,21,19,30,0,0,0,1.2268023490905762,18.361657714843773,102.59690607451691
6332,2014,9,21,20,30,0,0,0,1.6861672401428225,17.583428955078148,116.5095949955642
6333,2014,9,21,21,30,0,0,0,1.9520686864852903,16.986474609375026,130.09149279993238
6334,2014,9,21,22,30,0,0,0,2.0959956645965576,16.574151611328148,142.90222107726981
6335,2014,9,21,23,30,0,0,0,2.1974782943725586,16.235742187500026,153.724204080944
6336,2014,9,22,0,30,0,0,0,2.2272157669067383,15.8874450683594,159.1411968893843
6337,2014,9,22,1,30,0,0,0,2.206523895263672,15.49541625976565,155.28504951252975
6338,2014,9,22,2,30,0,0,0,2.146777391433716,15.107324218750026,145.11204515059796
6339,2014,9,22,3,30,0,0,0,2.1077651977539062,14.7155700683594,132.53924515629637
6340,2014,9,22,4,30,0,0,0,2.1594700813293457,14.3131042480469,119.05865320494405
6341,2014,9,22,5,30,0,0,0,2.24013090133667,13.956994628906275,105.19404567594371
6342,2014,9,22,6,30,0,0,0,2.2832908630371094,14.15557250976565,91.17469149701573
6343,2014,9,22,7,30,76,74,11,2.378134250640869,15.235620117187526,77.13871638862001
6344,2014,9,22,8,30,414,92,715,2.564011573791504,16.826654052734398,63.219079154810636
6345,2014,9,22,9,30,641,110,820,2.736158847808838,18.737451171875023,49.61395789043145
6346,2014,9,22,10,30,823,121,875,2.8290941715240483,20.903710937500023,36.75631151494661
6347,2014,9,22,11,30,742,379,402,2.8698825836181636,23.015008544921894,25.857124504653555
6348,2014,9,22,12,30,777,388,414,2.920852899551392,24.70614013671877,20.399087636869808
6349,2014,9,22,13,30,954,129,905,2.9927034378051762,25.58016357421877,24.37827309521738
6350,2014,9,22,14,30,847,124,879,3.140307903289795,25.260186767578148,34.680378634890545
6351,2014,9,22,15,30,675,114,827,3.391685962677002,23.815576171875023,47.3271658960969
6352,2014,9,22,16,30,439,117,661,3.5802645683288574,21.867486572265648,60.849543389954526
6353,2014,9,22,17,30,212,68,545,3.5961194038391118,19.756646728515648,74.73893561263151
6354,2014,9,22,18,30,0,0,0,3.625489234924317,17.866937255859398,88.77120296861416
6355,2014,9,22,19,30,0,0,0,3.655293703079224,16.720727539062526,102.81885632190621
6356,2014,9,22,20,30,0,0,0,3.6070404052734375,16.173577880859398,116.74341549192269
6357,2014,9,22,21,30,0,0,0,3.5383329391479488,15.854211425781275,130.34887286743088
6358,2014,9,22,22,30,0,0,0,3.4314670562744136,15.577539062500026,143.20149069476557
6359,2014,9,22,23,30,0,0,0,3.301525115966797,15.3499694824219,154.08855089572643
6360,2014,9,23,0,30,0,0,0,3.186765193939209,15.16729125976565,159.5350627336771
6361,2014,9,23,1,30,0,0,0,3.12903380393982,15.00371704101565,155.5676452795681
6362,2014,9,23,2,30,0,0,0,3.0837094783782963,14.8917175292969,145.28263560237914
6363,2014,9,23,3,30,0,0,0,3.0391993522644043,14.7943054199219,132.64777177892321
6364,2014,9,23,4,30,0,0,0,3.069660186767578,14.6480651855469,119.13454143031296
6365,2014,9,23,5,30,0,0,0,3.1524600982666016,14.490380859375026,105.25368689190849
6366,2014,9,23,6,30,0,0,0,3.1757402420043945,14.920129394531275,91.2289099609239
6367,2014,9,23,7,30,61,61,0,3.3046231269836426,16.294519042968773,77.1966748917648
6368,2014,9,23,8,30,153,148,12,3.5486063957214355,17.961968994140648,63.291090786583844
6369,2014,9,23,9,30,223,211,18,3.6770038604736333,19.837701416015648,49.715040366767816
6370,2014,9,23,10,30,657,335,402,3.687299489974976,21.719384765625023,36.912882745595226
6371,2014,9,23,11,30,687,425,292,3.692358732223511,23.081170654296894,26.11636611559531
6372,2014,9,23,12,30,744,428,338,3.755846738815308,23.827020263671894,20.78256859340164
6373,2014,9,23,13,30,817,357,506,3.8245465755462646,23.925317382812523,24.754060855256228
6374,2014,9,23,14,30,769,288,587,3.9179420471191406,23.364556884765648,34.988869500685766
6375,2014,9,23,15,30,583,233,519,4.037352561950684,22.305780029296894,47.58970768105264
6376,2014,9,23,16,30,289,219,144,4.097677707672118,20.808190917968773,61.08597163094123
6377,2014,9,23,17,30,211,67,551,3.984378099441528,18.682000732421894,74.9618277801135
6378,2014,9,23,18,30,0,0,0,3.758904457092285,16.650354003906273,88.98922039325028
6379,2014,9,23,19,30,0,0,0,3.5953011512756348,15.369226074218775,103.03998258716848
6380,2014,9,23,20,30,0,0,0,3.5350584983825684,14.656335449218775,116.97593614360348
6381,2014,9,23,21,30,0,0,0,3.499931812286377,14.23235473632815,130.60451533092044
6382,2014,9,23,22,30,0,0,0,3.4231553077697754,13.8729187011719,143.49882919484037
6383,2014,9,23,23,30,0,0,0,3.3321328163146973,13.51433715820315,154.4517876057746
6384,2014,9,24,0,30,0,0,0,3.2681331634521484,13.1662536621094,159.9289081410331
6385,2014,9,24,1,30,0,0,0,3.2370996475219727,12.823022460937526,155.84761242018487
6386,2014,9,24,2,30,0,0,0,3.174994468688965,12.5438171386719,145.45047259850995
6387,2014,9,24,3,30,0,0,0,3.1209890842437744,12.3591247558594,132.75448294672077
6388,2014,9,24,4,30,0,0,0,3.1586570739746094,12.2204528808594,119.209501143031
6389,2014,9,24,5,30,0,0,0,3.2358102798461914,12.14812622070315,105.31315578967899
6390,2014,9,24,6,30,0,0,0,3.2204818725585938,12.90728149414065,91.2836411914432
6391,2014,9,24,7,30,32,32,0,3.275335788726806,15.064843750000026,77.25582458367745
6392,2014,9,24,8,30,275,201,163,3.4179074764251713,17.913140869140648,63.36502780602154
6393,2014,9,24,9,30,365,302,97,3.3389463424682617,20.591546630859398,49.818892712472504
6394,2014,9,24,10,30,181,169,14,3.0939519405364986,22.709252929687523,37.07311922839629
6395,2014,9,24,11,30,536,440,107,2.854492664337158,24.197076416015648,26.3793136677
6396,2014,9,24,12,30,547,456,97,2.6933953762054443,24.802667236328148,21.166785935807056
6397,2014,9,24,13,30,673,439,258,2.6322906017303467,24.422082519531273,25.130350041543522
6398,2014,9,24,14,30,698,307,479,2.7340071201324463,23.42562255859377,35.298589758342665
6399,2014,9,24,15,30,455,321,200,3.0131685733795166,22.004907226562523,47.853247694226454
6400,2014,9,24,16,30,448,95,734,3.329819202423096,20.261407470703148,61.32291964344229
6401,2014,9,24,17,30,206,66,546,3.5105221271514893,18.399316406250023,75.18473813011146
6402,2014,9,24,18,30,0,0,0,3.661280632019043,16.788873291015648,89.20675095001155
6403,2014,9,24,19,30,0,0,0,3.8005735874176025,15.609460449218775,103.26015415702749
6404,2014,9,24,20,30,0,0,0,3.770336151123047,14.79070434570315,117.20701806801682
6405,2014,9,24,21,30,0,0,0,3.658626079559326,14.3287292480469,130.85826554636228
6406,2014,9,24,22,30,0,0,0,3.5295042991638184,14.04229125976565,143.79405633156804
6407,2014,9,24,23,30,0,0,0,3.3782358169555664,13.731896972656275,154.81373109609655
6408,2014,9,25,0,30,0,0,0,3.2233331203460693,13.3696228027344,160.32262756196894
6409,2014,9,25,1,30,0,0,0,3.093184471130371,13.0146423339844,156.12482698000719
6410,2014,9,25,2,30,0,0,0,2.9156618118286133,12.829064941406275,145.61553029354332
6411,2014,9,25,3,30,0,0,0,2.663994789123535,12.8030944824219,132.8594020512589
6412,2014,9,25,4,30,0,0,0,2.4681453704833984,12.75005493164065,119.28357474914615
6413,2014,9,25,5,30,0,0,0,2.390936851501465,12.66680297851565,105.37250223505713
6414,2014,9,25,6,30,0,0,0,2.396595001220703,13.01067504882815,91.33893691374917
6415,2014,9,25,7,30,168,60,489,2.521472930908203,14.55181274414065,77.31621472292345
6416,2014,9,25,8,30,413,90,721,2.639955997467041,17.066278076171898,63.440931216260175
6417,2014,9,25,9,30,640,108,827,2.612865924835205,19.676202392578148,49.92553592582461
6418,2014,9,25,10,30,822,119,883,2.5428946018218994,22.018731689453148,37.23699265025815
6419,2014,9,25,11,30,941,126,912,2.4865355491638184,23.876153564453148,26.64583630506873
6420,2014,9,25,12,30,985,128,921,2.43288516998291,24.944940185546894,21.55161243121296
6421,2014,9,25,13,30,952,127,913,2.389686584472656,24.99276123046877,25.506989815306287
6422,2014,9,25,14,30,843,121,887,2.4155173301696777,24.165521240234398,35.60937438684612
6423,2014,9,25,15,30,669,111,835,2.541146755218506,22.765435791015648,48.11763931901486
6424,2014,9,25,16,30,447,95,739,2.720749855041504,20.994256591796894,61.56025304699391
6425,2014,9,25,17,30,204,65,549,2.9551215171813965,18.967523193359398,75.40753795138203
6426,2014,9,25,18,30,0,0,0,3.303818225860596,17.109216308593773,89.42366569404881
6427,2014,9,25,19,30,0,0,0,3.605034351348877,15.894494628906275,103.47924045057479
6428,2014,9,25,20,30,0,0,0,3.702634334564209,15.325708007812526,117.43652271033176
6429,2014,9,25,21,30,0,0,0,3.648870468139648,15.1345153808594,131.10996909807392
6430,2014,9,25,22,30,0,0,0,3.480534553527832,14.994897460937526,144.08699094180787
6431,2014,9,25,23,30,0,0,0,3.2724287509918213,14.800195312500026,155.17419464189584
6432,2014,9,26,0,30,0,0,0,3.1078417301177983,14.540917968750026,160.71611557536258
6433,2014,9,26,1,30,0,0,0,2.977861166000366,14.289880371093775,156.3991668992589
6434,2014,9,26,2,30,0,0,0,2.779404401779175,14.12566528320315,145.77778723675863
6435,2014,9,26,3,30,0,0,0,2.529449939727783,13.965722656250026,132.96255545913894
6436,2014,9,26,4,30,0,0,0,2.35742449760437,13.730126953125026,119.35680631948004
6437,2014,9,26,5,30,0,0,0,2.259207248687744,13.51738891601565,105.43177675957827
6438,2014,9,26,6,30,0,0,0,2.176799774169922,13.83757934570315,91.39484865459872
6439,2014,9,26,7,30,167,60,492,2.196897029876709,15.2739196777344,77.37789349074404
6440,2014,9,26,8,30,413,89,726,2.20210075378418,17.903405761718773,63.518839902512255
6441,2014,9,26,9,30,641,107,831,2.0275716781616206,20.833947753906273,50.034987524440545
6442,2014,9,26,10,30,823,118,886,1.81556236743927,23.358392333984398,37.40446974748681
6443,2014,9,26,11,30,940,125,914,1.6257853507995603,25.222039794921894,26.91580027799755
6444,2014,9,26,12,30,983,127,923,1.3954849243164062,26.166314697265648,21.93692124772183
6445,2014,9,26,13,30,949,126,914,1.0992014408111572,26.485803222656273,25.883830854817592
6446,2014,9,26,14,30,839,120,887,0.7336074113845825,26.19686279296877,35.921058860811726
6447,2014,9,26,15,30,664,110,834,0.38122943043708796,25.10726318359377,48.38273549394845
6448,2014,9,26,16,30,442,93,736,0.4172887802124024,23.638238525390648,61.79783694005674
6449,2014,9,26,17,30,199,64,545,0.8604810833930969,22.188226318359398,75.63009821283693
6450,2014,9,26,18,30,0,0,0,1.2967367172241209,20.782525634765648,89.63983561110365
6451,2014,9,26,19,30,0,0,0,1.6265769004821775,19.518548583984398,103.6971111241954
6452,2014,9,26,20,30,0,0,0,1.861334562301636,18.357171630859398,117.66431196422121
6453,2014,9,26,21,30,0,0,0,2.016211986541748,17.352655029296898,131.3594719437476
6454,2014,9,26,22,30,0,0,0,2.0872545242309566,16.650109863281273,144.37745108813147
6455,2014,9,26,23,30,0,0,0,2.0193767547607417,16.181329345703148,155.532987797139
6456,2014,9,27,0,30,0,0,0,1.8864260911941528,15.8264099121094,161.10926691029982
6457,2014,9,27,1,30,0,0,0,1.7599899768829346,15.525354003906275,156.67051221687797
6458,2014,9,27,2,30,0,0,0,1.5894194841384888,15.2831970214844,145.93722641952706
6459,2014,9,27,3,30,0,0,0,1.3959347009658811,15.10222778320315,133.06397245019713
6460,2014,9,27,4,30,0,0,0,1.3122907876968384,14.906518554687526,119.42924150355516
6461,2014,9,27,5,30,0,0,0,1.4073059558868408,14.6581970214844,105.49103046870212
6462,2014,9,27,6,30,0,0,0,1.617133617401123,14.737023925781275,91.45142764841236
6463,2014,9,27,7,30,164,59,485,1.8512077331542969,15.656091308593775,77.44090789649844
6464,2014,9,27,8,30,407,88,717,2.0251703262329097,17.118737792968773,63.59879054208436
6465,2014,9,27,9,30,633,106,822,2.052511692047119,18.625848388671894,50.147261482720644
6466,2014,9,27,10,30,812,117,877,1.9756381511688232,20.110803222656273,37.57551235889641
6467,2014,9,27,11,30,928,123,905,1.8316558599472048,21.620568847656273,27.189069183045632
6468,2014,9,27,12,30,971,125,913,1.622621774673462,23.06234130859377,22.32258591750421
6469,2014,9,27,13,30,936,124,905,1.3742408752441406,24.108300781250023,26.260725284304854
6470,2014,9,27,14,30,828,118,879,1.1534898281097412,24.276086425781273,36.2334792283448
6471,2014,9,27,15,30,655,108,827,1.0724387168884275,23.401177978515648,48.64838882012516
6472,2014,9,27,16,30,435,92,730,1.187079668045044,22.213891601562523,62.03553600056982
6473,2014,9,27,17,30,194,63,538,1.532909870147705,20.842919921875023,75.85228965985381
6474,2014,9,27,18,30,0,0,0,1.9841811656951904,19.363610839843773,89.85513172750355
6475,2014,9,27,19,30,0,0,0,2.3913419246673584,18.210046386718773,103.9136361781253
6476,2014,9,27,20,30,0,0,0,2.705130100250244,17.204125976562526,117.89024829541755
6477,2014,9,27,21,30,0,0,0,2.8663837909698486,16.390802001953148,131.60662056520235
6478,2014,9,27,22,30,0,0,0,2.9008092880249023,15.871118164062526,144.66525421435256
6479,2014,9,27,23,30,0,0,0,2.8819918632507324,15.522058105468775,155.88991628470137
6480,2014,9,28,0,30,0,0,0,2.8249177932739262,15.270349121093775,161.5019764680868
6481,2014,9,28,1,30,0,0,0,2.7302498817443848,15.0651794433594,156.9387452849094
6482,2014,9,28,2,30,0,0,0,2.5896434783935547,14.818139648437526,146.09383531419286
6483,2014,9,28,3,30,0,0,0,2.4117469787597656,14.51702270507815,133.16368515050442
6484,2014,9,28,4,30,0,0,0,2.26039457321167,14.18059692382815,119.50092744101923
6485,2014,9,28,5,30,0,0,0,2.1514730453491206,13.84282836914065,105.55031494893709
6486,2014,9,28,6,30,0,0,0,2.0392861366271973,13.883020019531275,91.50872474324686
6487,2014,9,28,7,30,165,59,490,1.9372947216033936,14.9855895996094,77.50530368401758
6488,2014,9,28,8,30,409,88,725,1.9991265535354612,17.302362060546898,63.68081751699604
6489,2014,9,28,9,30,636,105,830,2.1055383682250977,20.354211425781273,50.262368175129396
6490,2014,9,28,10,30,816,116,885,2.122344970703125,23.322869873046894,37.7500774877871
6491,2014,9,28,11,30,932,122,912,2.1093213558197017,25.703637695312523,27.465504193280214
6492,2014,9,28,12,30,975,125,922,2.0184717178344727,27.172814941406273,22.708480304310285
6493,2014,9,28,13,30,940,123,914,1.8707432746887207,27.542382812500023,26.63752660782173
6494,2014,9,28,14,30,831,118,887,1.767476201057434,26.846948242187523,36.546472183328476
6495,2014,9,28,15,30,657,108,835,1.844970703125,25.247460937500023,48.914451665716065
6496,2014,9,28,16,30,434,91,737,2.13611388206482,23.372125244140648,62.27321458570485
6497,2014,9,28,17,30,193,62,543,2.514573097229004,21.224786376953148,76.07398291081284
6498,2014,9,28,18,30,0,0,0,2.900267601013184,19.153771972656273,90.06942522168127
6499,2014,9,28,19,30,0,0,0,3.1957426071166988,17.666223144531273,104.12868606453677
6500,2014,9,28,20,30,0,0,0,3.4009571075439453,16.581750488281273,118.11419486807085
6501,2014,9,28,21,30,0,0,0,3.552623748779297,15.9418884277344,131.8512621250828
6502,2014,9,28,22,30,0,0,0,3.5598206520080566,15.550317382812526,144.95021731440937
6503,2014,9,28,23,30,0,0,0,3.478734016418457,15.208337402343775,156.24478188948348
6504,2014,9,29,0,30,0,0,0,3.4078962802886963,14.86089477539065,161.89413934452998
6505,2014,9,29,1,30,0,0,0,3.384285926818848,14.44414672851565,157.20375099322274
6506,2014,9,29,2,30,0,0,0,3.3242220878601074,14.036096191406275,146.24760590423176
6507,2014,9,29,3,30,0,0,0,3.173369169235229,13.6671081542969,133.2617284602633
6508,2014,9,29,4,30,0,0,0,2.9982872009277344,13.309411621093775,119.57191267069351
6509,2014,9,29,5,30,0,0,0,2.8309862613677983,13.0242858886719,105.60968217394657
6510,2014,9,29,6,30,0,0,0,2.657314777374268,13.6085144042969,91.56679030672551
6511,2014,9,29,7,30,80,75,23,2.583552837371826,15.6739440917969,77.57112523905295
6512,2014,9,29,8,30,199,179,44,2.669792890548706,18.756097412109398,63.764952829603736
6513,2014,9,29,9,30,325,285,63,2.686564445495605,21.974298095703148,50.380314325651646
6514,2014,9,29,10,30,417,364,67,2.533963918685913,24.67489013671877,37.92811737241004
6515,2014,9,29,11,30,396,362,38,2.302489757537842,26.680810546875023,27.74496427822655
6516,2014,9,29,12,30,414,378,39,2.0565128326416016,27.854211425781273,23.094478575027022
6517,2014,9,29,13,30,940,122,918,1.8374342918396,28.243402099609398,27.014089648016977
6518,2014,9,29,14,30,829,117,890,1.722927808761597,27.738885498046894,36.85987513257071
6519,2014,9,29,15,30,654,106,837,1.797065496444702,26.154565429687523,49.18077626764568
6520,2014,9,29,16,30,165,160,9,1.9967355728149412,24.024194335937523,62.510736830656214
6521,2014,9,29,17,30,70,70,0,2.243875503540039,21.796624755859398,76.2950485535962
6522,2014,9,29,18,30,0,0,0,2.432703256607056,19.859277343750023,90.28258753695835
6523,2014,9,29,19,30,0,0,0,2.454428672790528,18.562127685546894,104.34213179700991
6524,2014,9,29,20,30,0,0,0,2.3592653274536133,17.712182617187523,118.3360156738142
6525,2014,9,29,21,30,0,0,0,2.1897661685943604,17.176904296875026,132.09324462929263
6526,2014,9,29,22,30,0,0,0,1.9378809928894043,16.910363769531273,145.23215711509908
6527,2014,9,29,23,30,0,0,0,1.6176328659057615,16.785546875000026,156.5973823560454
6528,2014,9,30,0,30,0,0,0,1.2927383184432983,16.659356689453148,162.2856508524842
6529,2014,9,30,1,30,0,0,0,1.0294437408447266,16.525598144531273,157.46541700429788
6530,2014,9,30,2,30,0,0,0,0.8289358615875244,16.315118408203148,146.39853470519742
6531,2014,9,30,3,30,0,0,0,0.7358484864234924,15.9860778808594,133.35813997661634
6532,2014,9,30,4,30,0,0,0,0.7744598388671875,15.6636901855469,119.64224703728071
6533,2014,9,30,5,30,0,0,0,0.8541247844696045,15.382104492187526,105.66918440981482
6534,2014,9,30,6,30,0,0,0,0.8749940991401672,15.466027832031275,91.6256741322502
6535,2014,9,30,7,30,44,44,0,0.907787561416626,16.520410156250026,77.63841549826631
6536,2014,9,30,8,30,292,197,215,0.9996315240859984,18.381066894531273,63.851226021441
6537,2014,9,30,9,30,476,309,262,1.0435898303985596,20.240991210937523,50.50110296335827
6538,2014,9,30,10,30,686,361,413,1.0116310119628906,21.800195312500023,38.10957956434199
6539,2014,9,30,11,30,795,448,393,0.8846573829650879,23.190667724609398,28.02730641357436
6540,2014,9,30,12,30,702,501,219,0.7037591338157654,24.199182128906273,23.480455175153157
6541,2014,9,30,13,30,572,443,145,0.6032753586769104,24.532647705078148,27.39027048962384
6542,2014,9,30,14,30,238,227,14,0.5671176910400391,24.111688232421894,37.1735262581455
6543,2014,9,30,15,30,516,296,338,0.5149686336517334,23.191461181640648,49.44721483049965
6544,2014,9,30,16,30,297,203,205,0.5043362379074097,22.071832275390648,62.7479667465655
6545,2014,9,30,17,30,83,83,0,0.5366235971450806,20.880670166015648,76.5153572422751
6546,2014,9,30,18,30,0,0,0,0.5907955765724182,19.771722412109398,90.494490495704
6547,2014,9,30,19,30,0,0,0,0.6997914910316467,18.889306640625023,104.55384506147463
6548,2014,9,30,20,30,0,0,0,0.8219965696334839,18.140679931640648,118.5555756634173
6549,2014,9,30,21,30,0,0,0,0.9374805688858032,17.471276855468773,132.33241709517614
6550,2014,9,30,22,30,0,0,0,1.0452778339385986,17.019708251953148,145.5108902732964
6551,2014,9,30,23,30,0,0,0,1.1491537094116209,16.740686035156273,156.94751129276162
6552,2014,10,1,0,30,0,0,0,1.2793171405792236,16.534875488281273,162.67640654467158
6553,2014,10,1,1,30,0,0,0,1.3844863176345823,16.276544189453148,157.72363399784726
6554,2014,10,1,2,30,0,0,0,1.4364252090454102,15.9403015136719,146.5466227763739
6555,2014,10,1,3,30,0,0,0,1.461647868156433,15.657922363281275,133.4529599117376
6556,2014,10,1,4,30,0,0,0,1.4576876163482666,15.425744628906275,119.71198159609241
6557,2014,10,1,5,30,0,0,0,1.4126226902008057,15.177392578125026,105.72887411955959
6558,2014,10,1,6,30,0,0,0,1.3247418403625488,15.620202636718775,91.68542534528378
6559,2014,10,1,7,30,84,76,36,1.3769102096557615,17.021173095703148,77.7072158593657
6560,2014,10,1,8,30,330,174,354,1.5843099355697632,18.786920166015648,63.93966409513892
6561,2014,10,1,9,30,444,297,232,1.6615164279937744,20.738488769531273,50.62473338426402
6562,2014,10,1,10,30,605,359,312,1.557409167289734,22.616510009765648,38.29440701438977
6563,2014,10,1,11,30,806,341,528,1.4300575256347656,24.106866455078148,28.312385780627928
6564,2014,10,1,12,30,961,121,919,1.4010766744613647,24.744927978515648,23.866284807821625
6565,2014,10,1,13,30,925,119,910,1.5008530616760254,24.371728515625023,27.765926427671037
6566,2014,10,1,14,30,814,113,883,1.600537896156311,23.525292968750023,37.4872645756076
6567,2014,10,1,15,30,640,103,829,1.5419100522994995,22.560754394531273,49.713619622829675
6568,2014,10,1,16,30,321,190,290,1.3014692068099976,21.487664794921894,62.98476831751646
6569,2014,10,1,17,30,120,92,121,0.9683676958084106,20.296960449218773,76.73477979377665
6570,2014,10,1,18,30,0,0,0,0.6882125735282898,19.172296142578148,90.70620078112438
6571,2014,10,1,19,30,0,0,0,0.5710626840591431,18.350396728515648,104.76369832840872
6572,2014,10,1,20,30,0,0,0,0.6203439235687256,17.777856445312523,118.77274088098731
6573,2014,10,1,21,30,0,0,0,0.820658802986145,17.340386962890648,132.5686297253714
6574,2014,10,1,22,30,0,0,0,1.158377170562744,17.009027099609398,145.78623358812862
6575,2014,10,1,23,30,0,0,0,1.5133733749389648,16.681573486328148,157.2949580845131
6576,2014,10,2,0,30,0,0,0,1.7739787101745603,16.343530273437526,163.06630223688998
6577,2014,10,2,1,30,0,0,0,1.9511502981185915,16.033105468750026,157.97829592509072
6578,2014,10,2,2,30,0,0,0,1.9528945684432983,15.764672851562526,146.69187572271974
6579,2014,10,2,3,30,0,0,0,1.7212793827056885,15.42498168945315,133.54623100610777
6580,2014,10,2,4,30,0,0,0,1.4305876493453982,15.062951660156275,119.78116851575187
6581,2014,10,2,5,30,0,0,0,1.1751110553741455,14.815759277343775,105.78880386708252
6582,2014,10,2,6,30,0,0,0,0.9362377524375916,14.827600097656275,91.74609231030027
6583,2014,10,2,7,30,160,57,489,0.6914855241775513,15.803247070312526,77.77756609313886
6584,2014,10,2,8,30,126,124,3,0.5834668874740601,18.031182861328148,64.03029144003679
6585,2014,10,2,9,30,257,239,28,0.6803726553916931,20.300164794921894,50.751201119472405
6586,2014,10,2,10,30,436,370,84,0.7875291705131531,22.020440673828148,38.48253816540506
6587,2014,10,2,11,30,919,117,913,0.8285877108573914,23.473077392578148,28.60005595550319
6588,2014,10,2,12,30,959,119,921,0.8375197052955627,24.215753173828148,24.251842416301784
6589,2014,10,2,13,30,922,118,912,0.8310927748680115,24.084008789062523,28.140915920161337
6590,2014,10,2,14,30,582,375,262,0.8795498013496399,23.390161132812523,37.80092998817378
6591,2014,10,2,15,30,406,306,155,0.9639018774032592,22.392083740234398,49.97984307089038
6592,2014,10,2,16,30,110,110,0,0.9695204496383668,21.354547119140648,63.221005596710675
6593,2014,10,2,17,30,156,74,365,0.91584050655365,20.198510742187523,76.95318728468821
6594,2014,10,2,18,30,0,0,0,0.880397379398346,19.082452392578148,90.91651156366423
6595,2014,10,2,19,30,0,0,0,0.8874419331550598,18.328790283203148,104.9715649664452
6596,2014,10,2,20,30,0,0,0,0.9600238800048828,17.719018554687523,118.98737860061425
6597,2014,10,2,21,30,0,0,0,1.0952858924865725,17.115838623046898,132.80173408723314
6598,2014,10,2,22,30,0,0,0,1.2473706007003784,16.598046875000026,146.05800422864755
6599,2014,10,2,23,30,0,0,0,1.3729889392852783,16.186425781250026,157.6395078166517
6600,2014,10,3,0,30,0,0,0,1.4401650428771973,15.82927856445315,163.45523403148374
6601,2014,10,3,1,30,0,0,0,1.421169996261597,15.535180664062526,158.22930027171225
6602,2014,10,3,2,30,0,0,0,1.3455164432525637,15.30120239257815,146.8343036868384
6603,2014,10,3,3,30,0,0,0,1.2830092906951904,14.969384765625026,133.63799843740105
6604,2014,10,3,4,30,0,0,0,1.2298517227172852,14.5709167480469,119.84986097912355
6605,2014,10,3,5,30,0,0,0,1.1268556118011477,14.389733886718775,105.84902622063835
6606,2014,10,3,6,30,0,0,0,0.9658132195472716,14.8575378417969,91.8077225380757
6607,2014,10,3,7,30,156,60,459,0.7791672348976135,16.041192626953148,77.84950425702846
6608,2014,10,3,8,30,398,91,701,0.4690342545509338,17.884179687500023,64.12312976118443
6609,2014,10,3,9,30,623,110,812,0.2660156488418579,20.114312744140648,50.88049790959686
6610,2014,10,3,10,30,802,122,870,0.537477970123291,21.972711181640648,38.67390705160417
6611,2014,10,3,11,30,917,129,899,1.1363935470581057,23.411737060546894,28.890169088340198
6612,2014,10,3,12,30,958,131,909,1.7356669902801514,24.508477783203148,24.637003169731717
6613,2014,10,3,13,30,921,130,900,2.186462640762329,25.020196533203148,28.51509854523713
6614,2014,10,3,14,30,647,340,390,2.5410408973693848,24.697381591796894,38.11436333760714
6615,2014,10,3,15,30,335,289,70,2.8765778541564937,23.527825927734398,50.24573785001712
6616,2014,10,3,16,30,89,89,0,3.192673921585083,21.790399169921894,63.45654280175969
6617,2014,10,3,17,30,83,83,0,3.384251832962036,19.608850097656273,77.1704511479788
6618,2014,10,3,18,30,0,0,0,3.5171413421630864,17.662835693359398,91.12745923689049
6619,2014,10,3,19,30,0,0,0,3.5462536811828613,16.381402587890648,105.1773193571172
6620,2014,10,3,20,30,0,0,0,3.4811582565307617,15.615930175781275,119.19935746531256
6621,2014,10,3,21,30,0,0,0,3.4395956993103027,15.225671386718775,133.03158329763173
6622,2014,10,3,22,30,0,0,0,3.320007801055908,14.9534851074219,146.3260199773747
6623,2014,10,3,23,30,0,0,0,3.165977478027344,14.7254577636719,157.98094121298368
6624,2014,10,4,0,30,0,0,0,3.06365966796875,14.4739929199219,163.84309834126958
6625,2014,10,4,1,30,0,0,0,2.963677406311035,14.20379028320315,158.47654832928527
6626,2014,10,4,2,30,0,0,0,2.701406955718994,13.93596801757815,146.97392133090776
6627,2014,10,4,3,30,0,0,0,2.302196502685547,13.6358581542969,133.72830972476945
6628,2014,10,4,4,30,0,0,0,1.964555740356445,13.4222351074219,119.91811308248556
6629,2014,10,4,5,30,0,0,0,1.718759298324585,13.3681579589844,105.90959365582249
6630,2014,10,4,6,30,0,0,0,1.5286133289337158,13.65374145507815,91.87036259362772
6631,2014,10,4,7,30,31,31,0,1.4557662010192869,14.9931579589844,77.92306661057292
6632,2014,10,4,8,30,190,173,39,1.4194382429122925,17.678582763671898,64.21819801204185
6633,2014,10,4,9,30,265,245,31,1.3649866580963137,20.492822265625023,51.01261168544046
6634,2014,10,4,10,30,269,252,21,1.3305013179779053,22.785211181640648,38.86844340364446
6635,2014,10,4,11,30,371,341,34,1.2888422012329102,24.632928466796894,29.18257607254729
6636,2014,10,4,12,30,637,452,204,1.2382731437683103,25.56502685546877,25.021642451856593
6637,2014,10,4,13,30,593,439,176,1.1798677444458008,25.621728515625023,28.88833496265475
6638,2014,10,4,14,30,686,280,517,1.2093905210494995,24.817193603515648,38.42740645200902
6639,2014,10,4,15,30,521,257,415,1.445523977279663,23.318353271484398,50.511156973792936
6640,2014,10,4,16,30,243,196,104,1.7948848009109497,21.683557128906273,63.69124440924811
6641,2014,10,4,17,30,85,83,5,2.0904381275176998,19.947412109375023,77.3864432699394
6642,2014,10,4,18,30,0,0,0,2.3285250663757324,18.288781738281273,91.33347934018306
6643,2014,10,4,19,30,0,0,0,2.5108771324157715,17.070428466796898,105.38083701071268
6644,2014,10,4,20,30,0,0,0,2.513412475585937,16.256860351562526,119.40854762808905
6645,2014,10,4,21,30,0,0,0,2.3207993507385254,15.716271972656275,133.2580322128985
6646,2014,10,4,22,30,0,0,0,2.0501947402954097,15.39776000976565,146.59009948990817
6647,2014,10,4,23,30,0,0,0,1.74065101146698,15.22686157226565,158.31903459101244
6648,2014,10,5,0,30,0,0,0,1.4335465431213381,15.0032897949219,164.22979191383868
6649,2014,10,5,1,30,0,0,0,1.1773617267608645,14.70220336914065,158.71994547412882
6650,2014,10,5,2,30,0,0,0,1.064447045326233,14.497888183593775,147.1107478083189
6651,2014,10,5,3,30,0,0,0,1.0840339660644531,14.356164550781275,133.8172146291175
6652,2014,10,5,4,30,0,0,0,1.1131685972213743,14.110253906250026,119.98597973325138
6653,2014,10,5,5,30,0,0,0,1.124394416809082,13.79961547851565,105.97055845850008
6654,2014,10,5,6,30,0,0,0,1.1108365058898926,13.810144042968775,91.93405800507144
6655,2014,10,5,7,30,91,78,61,1.1855396032333374,14.79839477539065,77.99828753298985
6656,2014,10,5,8,30,232,191,93,1.4246137142181396,16.871514892578148,64.31551233114804
6657,2014,10,5,9,30,335,287,75,1.6528866291046145,19.074914550781273,51.147526555067074
6658,2014,10,5,10,30,426,366,77,1.7395873069763184,21.056512451171894,39.06607275916299
6659,2014,10,5,11,30,383,351,36,1.7420144081115725,23.08260498046877,29.47712670454268
6660,2014,10,5,12,30,650,452,218,1.7617156505584717,24.707788085937523,25.40563585274808
6661,2014,10,5,13,30,919,127,908,1.8824930191040041,25.312738037109398,29.26048687940409
6662,2014,10,5,14,30,807,121,878,1.9971761703491209,24.971002197265648,38.739902190892906
6663,2014,10,5,15,30,564,198,578,1.9863255023956297,23.932061767578148,50.77595388103574
6664,2014,10,5,16,30,293,193,227,1.8964860439300537,22.326928710937523,63.92497524848757
6665,2014,10,5,17,30,130,83,216,1.756824970245361,20.774224853515648,77.60103608703452
6666,2014,10,5,18,30,0,0,0,1.6059958934783936,19.843988037109398,91.5376385827232
6667,2014,10,5,19,30,0,0,0,1.5192626714706419,19.314233398437523,105.58199468320768
6668,2014,10,5,20,30,0,0,0,1.576602339744568,18.686791992187523,119.61482089494564
6669,2014,10,5,21,30,0,0,0,1.7941315174102783,17.760064697265648,133.48093762364022
6670,2014,10,5,22,30,0,0,0,2.0549442768096924,16.751824951171898,146.85006257093048
6671,2014,10,5,23,30,0,0,0,2.199145793914795,16.016381835937526,158.65355983826746
6672,2014,10,6,0,30,0,0,0,2.2400660514831543,15.565576171875026,164.61521185624756
6673,2014,10,6,1,30,0,0,0,2.2364463806152344,15.378198242187526,158.95940145254582
6674,2014,10,6,2,30,0,0,0,2.20418643951416,15.312890625000026,147.244806724969
6675,2014,10,6,3,30,0,0,0,2.1711468696594243,15.17693481445315,133.90476504930012
6676,2014,10,6,4,30,0,0,0,2.1366469860076904,15.035302734375026,120.05351654628132
6677,2014,10,6,5,30,0,0,0,2.0948107242584233,14.936730957031275,106.03197262743281
6678,2014,10,6,6,30,0,0,0,2.019979953765869,14.96660766601565,91.99885317314887
6679,2014,10,6,7,30,7,7,0,1.9373464584350584,15.48040161132815,78.0751994426713
6680,2014,10,6,8,30,77,77,0,1.9556864500045776,16.640496826171898,64.41508598251198
6681,2014,10,6,9,30,305,271,54,2.0055594444274902,18.013177490234398,51.28522279700905
6682,2014,10,6,10,30,555,374,233,1.9014120101928709,19.171289062500023,39.26671657815716
6683,2014,10,6,11,30,647,417,264,1.6593225002288818,20.242791748046894,29.773669834231445
6684,2014,10,6,12,30,346,320,29,1.4652044773101809,21.035302734375023,25.788859163247036
6685,2014,10,6,13,30,713,376,387,1.404896259307861,21.241784667968773,29.631417019418922
6686,2014,10,6,14,30,550,377,222,1.4267669916152954,21.070855712890648,39.05169448795007
6687,2014,10,6,15,30,622,102,826,1.4271085262298584,20.552972412109398,51.03998252082414
6688,2014,10,6,16,30,318,176,325,1.2943527698516846,19.802331542968773,64.15760059448384
6689,2014,10,6,17,30,109,85,114,1.0541887283325195,19.074182128906273,77.81410268274456
6690,2014,10,6,18,30,0,0,0,0.6932566165924072,18.507958984375023,91.73981438423382
6691,2014,10,6,19,30,0,0,0,0.28827667236328125,17.953088378906273,105.78067049403505
6692,2014,10,6,20,30,0,0,0,0.18960396945476526,17.525323486328148,119.81805086967249
6693,2014,10,6,21,30,0,0,0,0.487177848815918,17.140100097656273,133.70015845414352
6694,2014,10,6,22,30,0,0,0,0.934794545173645,16.531427001953148,147.105730466565
6695,2014,10,6,23,30,0,0,0,1.3742783069610596,15.9542175292969,158.98428441365368
6696,2014,10,7,0,30,0,0,0,1.7435758113861084,15.4507995605469,164.9992556602567
6697,2014,10,7,1,30,0,0,0,1.9881222248077397,14.99480590820315,159.19483067166883
6698,2014,10,7,2,30,0,0,0,2.01934814453125,14.5508972167969,147.3761260901739
6699,2014,10,7,3,30,0,0,0,1.843689441680908,14.07805786132815,133.9910149145185
6700,2014,10,7,4,30,0,0,0,1.5707141160964966,13.590661621093775,120.12077973895776
6701,2014,10,7,5,30,0,0,0,1.2608871459960938,13.142785644531275,106.09388777705398
6702,2014,10,7,6,30,0,0,0,0.9210708141326904,13.71087036132815,92.06479128202793
6703,2014,10,7,7,30,158,57,495,0.6816138029098511,16.101190185546898,78.15383271918783
6704,2014,10,7,8,30,404,85,742,0.7843236327171326,18.949914550781273,64.5169293003015
6705,2014,10,7,9,30,632,101,850,1.0735290050506592,21.275018310546894,51.4256768597701
6706,2014,10,7,10,30,811,112,906,1.37570059299469,23.554467773437523,39.470292362591465
6707,2014,10,7,11,30,926,118,934,1.7215445041656494,25.690362548828148,30.07205350648253
6708,2014,10,7,12,30,966,120,942,2.0435552597045903,26.879754638671894,26.17118837204917
6709,2014,10,7,13,30,927,118,934,2.3443922996521,26.936669921875023,30.000989097193102
6710,2014,10,7,14,30,813,112,906,2.649505853652954,26.212213134765648,39.36262839174011
6711,2014,10,7,15,30,634,102,851,2.9603667259216313,24.826898193359398,51.303097435657044
6712,2014,10,7,16,30,409,85,747,3.275652885437012,22.760980224609398,64.38898626028613
6713,2014,10,7,17,30,167,54,541,3.4442567825317383,19.989648437500023,78.02551688452597
6714,2014,10,7,18,30,0,0,0,3.533747673034668,17.537255859375026,91.93988523830494
6715,2014,10,7,19,30,0,0,0,3.588306427001953,16.054254150390648,105.97674404478684
6716,2014,10,7,20,30,0,0,0,3.4925992488861084,15.0084167480469,120.01811310021002
6717,2014,10,7,21,30,0,0,0,3.3346211910247803,14.163781738281275,133.91555596602146
6718,2014,10,7,22,30,0,0,0,3.148077964782715,13.368615722656275,147.3569261731221
6719,2014,10,7,23,30,0,0,0,2.953777313232422,12.510034179687526,159.31097137865953
6720,2014,10,8,0,30,0,0,0,2.734102725982666,11.963891601562526,165.38182122793384
6721,2014,10,8,1,30,0,0,0,2.4900197982788086,11.825891113281275,159.42615249404673
6722,2014,10,8,2,30,0,0,0,2.2339401245117188,11.323327636718775,147.50473825706405
6723,2014,10,8,3,30,0,0,0,2.0166640281677246,10.415979003906275,134.0760200731337
6724,2014,10,8,4,30,0,0,0,1.922555923461914,9.467919921875025,120.18782602518591
6725,2014,10,8,5,30,0,0,0,1.9109790325164795,8.624017333984398,106.15635504023287
6726,2014,10,8,6,30,0,0,0,1.8225138187408447,9.200036621093775,92.13191421095104
6727,2014,10,8,7,30,169,59,542,1.5337038040161133,12.378686523437526,78.23421562739381
6728,2014,10,8,8,30,429,87,797,1.3623591661453247,17.252404785156273,64.62104963739243
6729,2014,10,8,9,30,666,103,904,1.3157918453216553,21.536248779296894,51.56886136727227
6730,2014,10,8,10,30,850,114,956,1.1551734209060671,24.442102050781273,39.67671377988105
6731,2014,10,8,11,30,965,119,980,1.0375739336013794,26.439721679687523,30.372125094132908
6732,2014,10,8,12,30,1002,121,985,1.0673887729644775,27.471582031250023,26.55249966535778
6733,2014,10,8,13,30,960,119,974,1.2672388553619385,27.553338623046894,30.369067795245076
6734,2014,10,8,14,30,841,113,944,1.5934169292449951,26.853540039062523,39.67255010472184
6735,2014,10,8,15,30,655,103,888,2.002059936523437,25.414544677734398,51.565153842898205
6736,2014,10,8,16,30,421,86,781,2.4877371788024902,23.161248779296894,64.61899868858922
6737,2014,10,8,17,30,170,54,572,3.012198209762573,20.095208740234398,78.23515336059634
6738,2014,10,8,18,30,0,0,0,3.451710700988769,17.427362060546898,92.13773081695985
6739,2014,10,8,19,30,0,0,0,3.663234233856201,15.940698242187526,106.170096538365
6740,2014,10,8,20,30,0,0,0,3.700110912322998,14.97905883789065,120.21488522621371
6741,2014,10,8,21,30,0,0,0,3.661515474319458,14.33464965820315,134.12699396550175
6742,2014,10,8,22,30,0,0,0,3.5325500965118413,13.98809204101565,147.60347476185493
6743,2014,10,8,23,30,0,0,0,3.320765495300293,13.952416992187526,159.6333794632699
6744,2014,10,9,0,30,0,0,0,3.0728271007537837,13.995446777343775,165.76280689785256
6745,2014,10,9,1,30,0,0,0,2.8865544795989986,13.654626464843775,159.6532915351093
6746,2014,10,9,2,30,0,0,0,2.8137426376342773,13.0823913574219,147.6306798528179
6747,2014,10,9,3,30,0,0,0,2.796370506286621,12.6542907714844,134.15983817816442
6748,2014,10,9,4,30,0,0,0,2.769047737121582,12.291894531250026,120.25471250853272
6749,2014,10,9,5,30,0,0,0,2.7266831398010254,11.8176208496094,106.21942497146686
6750,2014,10,9,6,30,0,0,0,2.5910625457763667,12.141442871093775,92.20026244743102
6751,2014,10,9,7,30,160,57,512,2.4485726356506348,14.4058776855469,78.31637424432323
6752,2014,10,9,8,30,411,84,765,2.475641965866089,17.798516845703148,64.72745131843462
6753,2014,10,9,9,30,642,101,874,2.4146101474761963,20.977166748046894,51.71474513056586
6754,2014,10,9,10,30,824,111,928,2.1454997062683105,23.541558837890648,39.88589078964679
6755,2014,10,9,11,30,938,117,954,1.8787593841552732,25.43929443359377,30.673731422809485
6756,2014,10,9,12,30,976,118,961,1.6914201974868774,26.621453857421894,26.932669428905267
6757,2014,10,9,13,30,934,116,950,1.5758655071258545,27.043328857421894,30.735518745226923
6758,2014,10,9,14,30,816,111,920,1.54148268699646,26.711358642578148,39.98130702078199
6759,2014,10,9,15,30,634,100,863,1.6505205631256104,25.550164794921894,51.826007714548645
6760,2014,10,9,16,30,405,84,757,1.8955329656600952,23.67586669921877,64.84750504266137
6761,2014,10,9,17,30,161,52,547,2.1507773399353027,21.510705566406273,78.44288771675204
6762,2014,10,9,18,30,0,0,0,2.3511757850646973,19.533380126953148,92.33323207572424
6763,2014,10,9,19,30,0,0,0,2.4655208587646484,18.090325927734398,106.36061089891086
6764,2014,10,9,20,30,0,0,0,2.4622392654418945,16.871911621093773,120.40824712783144
6765,2014,10,9,21,30,0,0,0,2.4305715560913086,15.64641723632815,134.3343390142677
6766,2014,10,9,22,30,0,0,0,2.35365629196167,14.74480590820315,147.84520371960218
6767,2014,10,9,23,30,0,0,0,2.1846873760223393,14.2214294433594,159.9512631724113
6768,2014,10,10,0,30,0,0,0,1.9953551292419436,14.011865234375026,166.1421114717365
6769,2014,10,10,1,30,0,0,0,1.8111531734466555,14.064111328125026,159.87617796125772
6770,2014,10,10,2,30,0,0,0,1.5642093420028689,14.053247070312526,147.7539916982771
6771,2014,10,10,3,30,0,0,0,1.231215238571167,13.811547851562526,134.24252856940416
6772,2014,10,10,4,30,0,0,0,0.8708544373512268,13.5375915527344,120.32149657435345
6773,2014,10,10,5,30,0,0,0,0.6084765195846558,13.291955566406275,106.2831474502127
6774,2014,10,10,6,30,0,0,0,0.580349326133728,13.479028320312526,92.2698750015514
6775,2014,10,10,7,30,155,55,495,0.6076860427856445,15.17998657226565,78.40033238844093
6776,2014,10,10,8,30,400,83,745,0.629272997379303,18.400018310546894,64.8361355969621
6777,2014,10,10,9,30,626,99,853,0.7344695329666138,21.397271728515648,51.86329316516285
6778,2014,10,10,10,30,803,109,907,0.8100143671035767,23.565606689453148,40.097729773111965
6779,2014,10,10,11,30,915,114,934,0.7894583344459534,25.437127685546894,30.976718887898198
6780,2014,10,10,12,30,952,116,941,0.7126697301864624,26.636437988281273,27.31157425232927
6781,2014,10,10,13,30,912,114,931,0.6951884031295776,26.864923095703148,31.100208512681256
6782,2014,10,10,14,30,798,109,903,0.8100243210792542,26.176538085937523,40.288747761677605
6783,2014,10,10,15,30,619,99,847,1.0179040431976318,24.663995361328148,52.08551585569687
6784,2014,10,10,16,30,219,184,83,1.2295818328857422,22.902093505859398,65.0743732967689
6785,2014,10,10,17,30,147,57,459,1.4490399360656738,21.363763427734398,78.64859659315013
6786,2014,10,10,18,30,0,0,0,1.6055115461349487,20.087823486328148,92.5262713586664
6787,2014,10,10,19,30,0,0,0,1.6583759784698486,19.055139160156273,106.54817189179079
6788,2014,10,10,20,30,0,0,0,1.7272779941558838,17.994805908203148,120.59808107495284
6789,2014,10,10,21,30,0,0,0,1.8338289260864256,16.831414794921898,134.5374606426853
6790,2014,10,10,22,30,0,0,0,1.8650939464569087,15.84209594726565,148.08194330433068
6791,2014,10,10,23,30,0,0,0,1.7562801837921145,15.1326843261719,160.2643729387471
6792,2014,10,11,0,30,0,0,0,1.5683791637420654,14.6226745605469,166.51963424166618
6793,2014,10,11,1,30,0,0,0,1.3532390594482422,14.18352661132815,160.0947477872441
6794,2014,10,11,2,30,0,0,0,1.1115443706512451,13.7403503417969,147.87471871781102
6795,2014,10,11,3,30,0,0,0,0.8562493324279785,13.44976196289065,134.32415215296913
6796,2014,10,11,4,30,0,0,0,0.6312103867530823,13.53154907226565,120.38823578165346
6797,2014,10,11,5,30,0,0,0,0.5167056918144226,13.5764099121094,106.34757158496988
6798,2014,10,11,6,30,0,0,0,0.552836537361145,13.721704101562526,92.34078932198715
6799,2014,10,11,7,30,152,54,490,0.5474100112915039,15.062890625000026,78.48611155185449
6800,2014,10,11,8,30,396,82,741,0.4477285146713257,18.241815185546894,64.94710061710921
6801,2014,10,11,9,30,620,98,849,0.4470032155513763,21.504174804687523,52.014466714481046
6802,2014,10,11,10,30,797,108,904,0.5635305047035217,23.545922851562523,40.312133665177434
6803,2014,10,11,11,30,909,113,930,0.689403772354126,24.890252685546894,31.28093356447002
6804,2014,10,11,12,30,945,115,937,0.7826303243637085,25.375360107421894,27.689090935820545
6805,2014,10,11,13,30,904,113,927,0.8470752239227295,25.052209472656273,31.463004585171642
6806,2014,10,11,14,30,789,107,898,0.9259756803512572,24.121301269531273,40.59472221242753
6807,2014,10,11,15,30,611,97,840,1.1252014636993408,22.813287353515648,52.34353598139607
6808,2014,10,11,16,30,286,177,261,1.4569153785705566,21.398675537109398,65.29947232578829
6809,2014,10,11,17,30,112,74,194,1.8156061172485352,19.795800781250023,78.85215776079338
6810,2014,10,11,18,30,0,0,0,2.1615583896636963,18.171075439453148,92.71673250367188
6811,2014,10,11,19,30,0,0,0,2.470017194747925,16.939233398437526,106.73266624401529
6812,2014,10,11,20,30,0,0,0,2.698162794113159,16.114801025390648,120.7842718771611
6813,2014,10,11,21,30,0,0,0,2.85172176361084,15.621179199218775,134.7362315655351
6814,2014,10,11,22,30,0,0,0,2.8787121772766118,15.31841430664065,148.31352691529204
6815,2014,10,11,23,30,0,0,0,2.7496871948242188,15.067590332031275,160.572455328569
6816,2014,10,12,0,30,0,0,0,2.5439128875732417,14.794702148437526,166.89527501786137
6817,2014,10,12,1,30,0,0,0,2.3559043407440186,14.50225219726565,160.30894317058653
6818,2014,10,12,2,30,0,0,0,2.1780366897583012,14.2017761230469,147.99290983888028
6819,2014,10,12,3,30,0,0,0,2.0140142440795903,13.906518554687526,134.40477127776606
6820,2014,10,12,4,30,0,0,0,1.8992588520050049,13.7080017089844,120.45498775408177
6821,2014,10,12,5,30,0,0,0,1.7887654304504397,13.504785156250026,106.41274561774037
6822,2014,10,12,6,30,0,0,0,1.7039666175842283,13.4964538574219,92.41304121350431
6823,2014,10,12,7,30,150,54,485,1.6683926582336426,14.335473632812526,78.57373083524652
6824,2014,10,12,8,30,391,81,736,1.5380606651306152,16.327142333984398,65.06034137959132
6825,2014,10,12,9,30,615,97,844,1.1828327178955078,18.766809082031273,52.1682232786367
6826,2014,10,12,10,30,790,107,899,0.6763132810592651,20.870965576171894,40.52900208801914
6827,2014,10,12,11,30,902,112,927,0.4434767961502075,22.633752441406273,31.586221310012146
6828,2014,10,12,12,30,939,114,935,0.6921168565750122,23.723413085937523,28.065096498866065
6829,2014,10,12,13,30,899,112,926,1.0950292348861694,23.936212158203148,31.823775363843932
6830,2014,10,12,14,30,375,335,52,1.3827371597290041,23.523675537109398,40.899081556097656
6831,2014,10,12,15,30,608,97,841,1.5188374519348145,22.632562255859398,52.599926792486755
6832,2014,10,12,16,30,235,183,124,1.5432714223861694,21.437768554687523,65.5226719944677
6833,2014,10,12,17,30,148,48,525,1.5048069953918457,19.954888916015648,79.05345021809269
6834,2014,10,12,18,30,0,0,0,1.5035543441772459,18.801171875000023,92.90450094771973
6835,2014,10,12,19,30,0,0,0,1.5667872428894043,18.275323486328148,106.91398276458249
6836,2014,10,12,20,30,0,0,0,1.6793413162231443,17.804895019531273,120.96670703362236
6837,2014,10,12,21,30,0,0,0,1.8401631116867063,17.211999511718773,134.93052789907523
6838,2014,10,12,22,30,0,0,0,2.003124237060547,16.572808837890648,148.53979147643196
6839,2014,10,12,23,30,0,0,0,2.0956180095672607,15.9724060058594,160.8752533076588
6840,2014,10,13,0,30,0,0,0,2.0875482559204097,15.439416503906275,167.26893415697236
6841,2014,10,13,1,30,0,0,0,1.9976131916046145,15.012170410156275,160.51871270081273
6842,2014,10,13,2,30,0,0,0,1.888875722885132,14.752221679687526,148.10861788201228
6843,2014,10,13,3,30,0,0,0,1.805869221687317,14.61028442382815,134.4844496097446
6844,2014,10,13,4,30,0,0,0,1.7465850114822388,14.409448242187526,120.52181007084236
6845,2014,10,13,5,30,0,0,0,1.6987669467926023,14.043725585937526,106.47871682933031
6846,2014,10,13,6,30,0,0,0,1.5947681665420532,14.3196960449219,92.48666475615255
6847,2014,10,13,7,30,150,54,488,1.5033587217330933,16.102593994140648,78.66320688572267
6848,2014,10,13,8,30,392,81,741,1.4502263069152832,18.940087890625023,65.17584971224574
6849,2014,10,13,9,30,617,97,851,1.3263181447982788,21.574182128906273,52.3245166489144
6850,2014,10,13,10,30,794,106,907,1.1681159734725952,23.583947753906273,40.74823148633572
6851,2014,10,13,11,30,906,112,935,1.043406963348389,25.226800537109398,31.89242786094963
6852,2014,10,13,12,30,943,114,943,0.9644622206687928,26.316613769531273,28.439468191171326
6853,2014,10,13,13,30,903,112,934,0.9657536745071412,26.653527832031273,32.18239015819944
6854,2014,10,13,14,30,788,106,905,1.123026967048645,26.244744873046894,41.20167830804172
6855,2014,10,13,15,30,609,96,849,1.434548020362854,25.13118896484377,52.85454805017332
6856,2014,10,13,16,30,385,80,742,1.786277413368225,23.703546142578148,65.74384324595657
6857,2014,10,13,17,30,147,47,533,2.1513872146606445,22.169580078125023,79.25235428705996
6858,2014,10,13,18,30,0,0,0,2.6355018615722656,20.726495361328148,93.08946383194343
6859,2014,10,13,19,30,0,0,0,3.2623169422149663,19.336694335937523,107.09201246454776
6860,2014,10,13,20,30,0,0,0,3.8282804489135738,17.872155761718773,121.14527688273695
6861,2014,10,13,21,30,0,0,0,4.112581253051759,16.777490234375026,135.12022937890802
6862,2014,10,13,22,30,0,0,0,4.150890827178955,15.9526306152344,148.76057783200378
6863,2014,10,13,23,30,0,0,0,4.0521745681762695,15.3821960449219,161.17250657439644
6864,2014,10,14,0,30,0,0,0,3.909517765045166,15.0539489746094,167.640512590983
6865,2014,10,14,1,30,0,0,0,3.874154090881348,14.6904235839844,160.72401168156182
6866,2014,10,14,2,30,0,0,0,3.966846466064453,14.32354125976565,148.22189944138978
6867,2014,10,14,3,30,0,0,0,4.097342014312743,13.9079528808594,134.56325200383935
6868,2014,10,14,4,30,0,0,0,4.2580652236938485,13.233789062500026,120.58876015733685
6869,2014,10,14,5,30,0,0,0,4.487142086029053,12.30108032226565,106.54553144553695
6870,2014,10,14,6,30,0,0,0,4.59813404083252,11.64910278320315,92.56169222643663
6871,2014,10,14,7,30,49,49,0,4.661203861236572,12.31890258789065,78.75455383785811
6872,2014,10,14,8,30,131,128,5,4.849757671356201,14.337731933593775,65.29361424508949
6873,2014,10,14,9,30,369,294,122,4.997430801391602,16.660577392578148,52.483296947531755
6874,2014,10,14,10,30,799,107,916,5.017397403717041,18.556451416015648,40.96971526364502
6875,2014,10,14,11,30,912,112,944,4.922556877136231,19.937554931640648,32.199398923034906
6876,2014,10,14,12,30,949,114,952,4.774574279785156,20.845544433593773,28.81208350554132
6877,2014,10,14,13,30,908,112,944,4.619566917419434,21.119470214843773,32.53871918401314
6878,2014,10,14,14,30,793,107,916,4.513711929321289,20.762109375000023,41.50236634984398
6879,2014,10,14,15,30,614,96,862,4.480504989624023,19.791864013671894,53.10726064958612
6880,2014,10,14,16,30,388,80,756,4.452369689941406,18.095819091796894,65.96285818983156
6881,2014,10,14,17,30,147,47,551,4.299581527709962,15.715661621093775,79.44875170929542
6882,2014,10,14,18,30,0,0,0,4.167861461639403,13.51336059570315,93.27151010651352
6883,2014,10,14,19,30,0,0,0,4.114071846008302,12.079553222656275,107.26664867676493
6884,2014,10,14,20,30,0,0,0,4.016977787017821,11.0467468261719,121.31987475114354
6885,2014,10,14,21,30,0,0,0,3.8966660499572754,10.2237487792969,135.3052195779626
6886,2014,10,14,22,30,0,0,0,3.7446990013122563,9.564477539062525,148.97573115291925
6887,2014,10,14,23,30,0,0,0,3.5929527282714844,9.01531372070315,161.4639519677499
6888,2014,10,15,0,30,0,0,0,3.449548721313477,8.499780273437523,168.0099118566939
6889,2014,10,15,1,30,0,0,0,3.329235076904297,7.987237548828148,160.9248024028121
6890,2014,10,15,2,30,0,0,0,3.2054688930511475,7.570245361328148,148.3328147561703
6891,2014,10,15,3,30,0,0,0,3.083094358444214,7.274102783203148,134.64124437389256
6892,2014,10,15,4,30,0,0,0,3.0337042808532715,7.045709228515648,120.65589517573916
6893,2014,10,15,5,30,0,0,0,3.0795907974243164,6.874322509765648,106.61323454428343
6894,2014,10,15,6,30,0,0,0,3.145349502563477,7.521264648437523,92.6381540203752
6895,2014,10,15,7,30,154,55,511,3.168694972991944,10.238366699218775,78.84778325783793
6896,2014,10,15,8,30,404,82,773,3.3710236549377437,14.23711547851565,65.41362038997866
6897,2014,10,15,9,30,635,98,884,3.6248412132263184,17.727471923828148,52.64451067258099
6898,2014,10,15,10,30,816,108,941,3.626408100128174,20.272882080078148,41.19334391916307
6899,2014,10,15,11,30,931,113,969,3.462284564971924,22.061669921875023,32.5069802561586
6900,2014,10,15,12,30,969,115,978,3.2396678924560547,23.209771728515648,29.18282019277749
6901,2014,10,15,13,30,927,113,969,3.034400224685669,23.665246582031273,32.89263356428125
6902,2014,10,15,14,30,809,107,940,2.9620800018310547,23.354211425781273,41.8010009630697
6903,2014,10,15,15,30,625,97,884,3.0383729934692383,22.254113769531273,53.35792669239175
6904,2014,10,15,16,30,395,80,778,3.1092548370361333,20.245294189453148,66.17959018955895
6905,2014,10,15,17,30,149,46,574,3.186020851135254,17.231988525390648,79.6425257416841
6906,2014,10,15,18,30,0,0,0,3.309619426727295,14.50750122070315,93.45053063529195
6907,2014,10,15,19,30,0,0,0,3.317653179168701,12.83379516601565,107.43778717504196
6908,2014,10,15,20,30,0,0,0,3.20954704284668,11.5731140136719,121.49039710174944
6909,2014,10,15,21,30,0,0,0,3.0835251808166504,10.544274902343775,135.4853861236713
6910,2014,10,15,22,30,0,0,0,2.9138889312744136,9.69048461914065,149.18510135223866
6911,2014,10,15,23,30,0,0,0,2.7158827781677246,8.989465332031275,161.749323957929
6912,2014,10,16,0,30,0,0,0,2.525632381439209,8.405480957031273,168.37703412571858
6913,2014,10,16,1,30,0,0,0,2.3619649410247803,7.931085205078148,161.1210544007309
6914,2014,10,16,2,30,0,0,0,2.179715633392334,7.568811035156273,148.44142757303723
6915,2014,10,16,3,30,0,0,0,1.9683408737182615,7.320123291015648,134.71849356078252
6916,2014,10,16,4,30,0,0,0,1.7813512086868286,7.175561523437523,120.7232719156386
6917,2014,10,16,5,30,0,0,0,1.6369181871414185,7.109948730468773,106.6818699637057
6918,2014,10,16,6,30,0,0,0,1.5378096103668213,8.270135498046898,92.71607857849443
6919,2014,10,16,7,30,155,55,522,1.3430883884429932,11.646569824218775,78.94290409067096
6920,2014,10,16,8,30,409,82,787,1.202152967453003,16.769616699218773,65.53585032463113
6921,2014,10,16,9,30,640,98,896,1.255948543548584,21.475244140625023,52.80810074785864
6922,2014,10,16,10,30,820,108,950,1.2841265201568604,24.423699951171894,41.41900518505973
6923,2014,10,16,11,30,932,113,974,1.276585578918457,26.259637451171894,32.815017754022506
6924,2014,10,16,12,30,967,115,979,1.2843763828277588,27.207971191406273,29.55155627847838
6925,2014,10,16,13,30,922,113,967,1.3346972465515137,27.368554687500023,33.24400533317494
6926,2014,10,16,14,30,802,107,936,1.5267013311386108,26.741571044921894,42.09743886318149
6927,2014,10,16,15,30,505,237,452,1.8408511877059937,25.329339599609398,53.60640955869054
6928,2014,10,16,16,30,388,79,769,2.16402006149292,23.015405273437523,66.39391394953556
6929,2014,10,16,17,30,144,45,562,2.4905447959899902,19.798608398437523,79.83356125177104
6930,2014,10,16,18,30,0,0,0,2.7329015731811523,17.061364746093773,93.626418299832
6931,2014,10,16,19,30,0,0,0,2.771963119506836,15.4068542480469,107.60532629237645
6932,2014,10,16,20,30,0,0,0,2.6573467254638667,14.161889648437526,121.65674368023173
6933,2014,10,16,21,30,0,0,0,2.435011863708496,13.311059570312526,135.66062091356298
6934,2014,10,16,22,30,0,0,0,2.1285355091094966,12.775415039062526,149.38854350777578
6935,2014,10,16,23,30,0,0,0,1.7991851568222046,12.431481933593775,162.02835522721458
6936,2014,10,17,0,30,0,0,0,1.4969666004180908,12.17485961914065,168.7417822351506
6937,2014,10,17,1,30,0,0,0,1.2456296682357788,11.929895019531275,161.31274470298564
6938,2014,10,17,2,30,0,0,0,1.0140867233276367,11.6931091308594,148.54780500044563
6939,2014,10,17,3,30,0,0,0,0.7908799648284912,11.47820434570315,134.79506719911652
6940,2014,10,17,4,30,0,0,0,0.6227951049804688,11.241967773437525,120.79094668497045
6941,2014,10,17,5,30,0,0,0,0.5821173191070557,10.954797363281275,106.75148021163756
6942,2014,10,17,6,30,0,0,0,0.714397668838501,11.715661621093775,92.79549231318195
6943,2014,10,17,7,30,145,53,485,0.9141569137573242,14.635766601562526,79.03992261103544
6944,2014,10,17,8,30,388,80,746,1.2415454387664795,18.764154052734398,65.66028298152251
6945,2014,10,17,9,30,612,96,856,1.5575220584869385,22.243035888671894,52.97400657763338
6946,2014,10,17,10,30,788,106,913,1.6264965534210205,24.595025634765648,41.6465841637348
6947,2014,10,17,11,30,899,111,940,1.585141658782959,26.243188476562523,33.12335751903245
6948,2014,10,17,12,30,934,113,947,1.548309326171875,27.183160400390648,29.918170081707483
6949,2014,10,17,13,30,892,111,937,1.5571359395980835,27.41365966796877,33.592707442767484
6950,2014,10,17,14,30,775,105,906,1.6764640808105469,26.934838867187523,42.391538233406784
6951,2014,10,17,15,30,595,95,848,1.9532303810119631,25.55770263671877,53.85257397791089
6952,2014,10,17,16,30,370,78,736,2.263659954071045,23.481622314453148,66.60570560139105
6953,2014,10,17,17,30,134,44,524,2.605027675628662,21.124169921875023,80.02174481259983
6954,2014,10,17,18,30,0,0,0,2.93569278717041,19.148248291015648,93.79906810286344
6955,2014,10,17,19,30,0,0,0,3.057689666748047,17.807977294921898,107.76916703811659
6956,2014,10,17,20,30,0,0,0,2.9962704181671143,16.618554687500026,121.81881765966696
6957,2014,10,17,21,30,0,0,0,2.8724243640899663,15.543054199218775,135.83082032824962
6958,2014,10,17,22,30,0,0,0,2.7275314331054688,14.680810546875026,149.585918289671
6959,2014,10,17,23,30,0,0,0,2.567224740982056,14.029443359375026,162.3007773485453
6960,2014,10,18,0,30,0,0,0,2.39418888092041,13.857873535156275,169.10405971869147
6961,2014,10,18,1,30,0,0,0,2.1904759407043457,13.959252929687526,161.49985805628194
6962,2014,10,18,2,30,0,0,0,2.088342666625977,13.88579711914065,148.65201735482995
6963,2014,10,18,3,30,0,0,0,2.1706457138061523,13.743920898437526,134.87103358255496
6964,2014,10,18,4,30,0,0,0,2.3363828659057617,13.5904479980469,120.85897520135636
6965,2014,10,18,5,30,0,0,0,2.535465717315674,13.434106445312526,106.82210637629122
6966,2014,10,18,6,30,0,0,0,2.733792781829834,13.56597290039065,92.8764195382045
6967,2014,10,18,7,30,144,53,485,3.095170021057129,14.573449707031275,79.1388423772787
6968,2014,10,18,8,30,387,80,748,3.428330183029175,16.604852294921898,65.78689404115141
6969,2014,10,18,9,30,611,96,859,3.421874523162842,19.201013183593773,53.14216410586744
6970,2014,10,18,10,30,787,106,914,3.234224796295166,21.728845214843773,41.875963464702345
6971,2014,10,18,11,30,895,111,939,2.9845335483551025,23.698388671875023,33.43184593284562
6972,2014,10,18,12,30,928,113,944,2.713517189025879,24.848016357421894,30.282540235496025
6973,2014,10,18,13,30,884,111,932,2.4682836532592773,25.001702880859398,33.93861377256559
6974,2014,10,18,14,30,767,105,900,2.406130313873291,24.093621826171894,42.68315875903051
6975,2014,10,18,15,30,587,94,839,2.617675542831421,22.507928466796894,54.09628609920017
6976,2014,10,18,16,30,363,77,725,2.8670425415039062,20.654626464843773,66.81484278988232
6977,2014,10,18,17,30,130,43,511,3.02389931678772,18.615350341796894,80.20696479711367
6978,2014,10,18,18,30,0,0,0,3.2095766067504883,16.938958740234398,93.96837727104663
6979,2014,10,18,19,30,0,0,0,3.3930034637451167,15.92302856445315,107.92921321384172
6980,2014,10,18,20,30,0,0,0,3.454432964324951,15.31792602539065,121.97652578288047
6981,2014,10,18,21,30,0,0,0,3.3554537296295166,14.961022949218775,135.99588544109508
6982,2014,10,18,22,30,0,0,0,3.151939392089844,14.68242797851565,149.7770923907181
6983,2014,10,18,23,30,0,0,0,2.9519057273864746,14.390283203125026,162.56632156882048
6984,2014,10,19,0,30,0,0,0,2.773815631866455,14.163415527343775,169.4637708383301
6985,2014,10,19,1,30,0,0,0,2.6202423572540283,13.989221191406275,161.68238713394138
6986,2014,10,19,2,30,0,0,0,2.549041271209717,13.790734863281275,148.75413799931115
6987,2014,10,19,3,30,0,0,0,2.5797104835510254,13.5872741699219,134.94646152807957
6988,2014,10,19,4,30,0,0,0,2.6910805702209477,13.396813964843775,120.92741248381536
6989,2014,10,19,5,30,0,0,0,2.8291208744049072,13.22844848632815,106.89378803838021
6990,2014,10,19,6,30,0,0,0,2.9332447052001958,13.272363281250026,92.9588824005723
6991,2014,10,19,7,30,60,59,3,3.1799411773681636,14.031152343750026,79.23966418898439
6992,2014,10,19,8,30,163,153,25,3.436366081237793,15.6977478027344,65.9156559298419
6993,2014,10,19,9,30,480,253,380,3.43252944946289,17.977288818359398,53.312505879865896
6994,2014,10,19,10,30,230,217,17,3.289924144744873,20.266534423828148,42.107023340931676
6995,2014,10,19,11,30,399,360,46,3.146608591079712,22.120385742187523,33.74032972289979
6996,2014,10,19,12,30,175,162,14,3.0724868774414062,22.794854736328148,30.64454570911609
6997,2014,10,19,13,30,176,165,12,3.0943427085876465,22.147668457031273,34.281599141726424
6998,2014,10,19,14,30,548,346,275,3.2833347320556636,20.963494873046894,42.972161662067336
6999,2014,10,19,15,30,348,274,125,3.569708824157715,19.345513916015648,54.33741356117328
7000,2014,10,19,16,30,168,155,32,3.6907024383544917,17.588769531250026,67.02120475820391
7001,2014,10,19,17,30,21,21,0,3.68992280960083,16.102868652343773,80.3891114719738
7002,2014,10,19,18,30,0,0,0,3.720493316650391,15.059716796875026,94.1342453567111
7003,2014,10,19,19,30,0,0,0,3.715140581130981,14.53118286132815,108.08537152752984
7004,2014,10,19,20,30,0,0,0,3.68137264251709,14.2120300292969,122.12977850192085
7005,2014,10,19,21,30,0,0,0,3.6124749183654794,13.9073425292969,136.1557222233845
7006,2014,10,19,22,30,0,0,0,3.4676969051361084,13.645837402343775,149.96193895665502
7007,2014,10,19,23,30,0,0,0,3.2195096015930176,13.4534851074219,162.82471970291314
7008,2014,10,20,0,30,0,0,0,2.9177608489990234,13.266503906250026,169.8208206165325
7009,2014,10,20,1,30,0,0,0,2.682610988616944,13.058557128906275,161.86033272075062
7010,2014,10,20,2,30,0,0,0,2.4782986640930176,12.853356933593775,148.85424317542063
7011,2014,10,20,3,30,0,0,0,2.2756001949310303,12.6610046386719,135.02142023941872
7012,2014,10,20,4,30,0,0,0,2.158050537109375,12.505517578125026,120.9963127452273
7013,2014,10,20,5,30,0,0,0,2.1194782257080083,12.367517089843775,106.9665631847781
7014,2014,10,20,6,30,0,0,0,2.1144547462463383,12.43071899414065,93.04290081497955
7015,2014,10,20,7,30,139,52,470,2.2132763862609863,13.3192077636719,79.3423860481503
7016,2014,10,20,8,30,377,79,734,2.3853864669799805,15.247644042968775,66.04653782230224
7017,2014,10,20,9,30,97,97,0,2.410893440246582,17.622155761718773,53.48496111816908
7018,2014,10,20,10,30,331,303,37,2.257386445999145,19.726464843750023,42.339641824371036
7019,2014,10,20,11,30,316,294,26,2.0392179489135738,21.468255615234398,34.048656025334104
7020,2014,10,20,12,30,386,353,38,1.8244647979736328,22.725549316406273,31.00406583207822
7021,2014,10,20,13,30,487,405,100,1.6992040872573853,23.139031982421894,34.6215393238126
7022,2014,10,20,14,30,204,195,12,1.7943499088287354,22.671990966796894,43.258409736338905
7023,2014,10,20,15,30,74,74,0,2.1629443168640137,21.435662841796894,54.57582556099378
7024,2014,10,20,16,30,258,164,244,2.6673367023468018,19.885461425781273,67.22467243267542
7025,2014,10,20,17,30,101,58,264,3.21472430229187,18.108056640625023,80.5680770906522
7026,2014,10,20,18,30,0,0,0,3.7293214797973633,16.345269775390648,94.29657433865684
7027,2014,10,20,19,30,0,0,0,4.04311466217041,15.06780395507815,108.23755170599196
7028,2014,10,20,20,30,0,0,0,4.094995975494385,14.32793579101565,122.27849011432001
7029,2014,10,20,21,30,0,0,0,3.950816154479981,13.914270019531275,136.3102417440556
7030,2014,10,20,22,30,0,0,0,3.7884230613708496,13.5280700683594,150.14033801365338
7031,2014,10,20,23,30,0,0,0,3.7443828582763667,13.176965332031275,163.07570514353182
7032,2014,10,21,0,30,0,0,0,3.6794404983520512,12.890954589843775,170.17511486881287
7033,2014,10,21,1,30,0,0,0,3.457976818084717,12.675866699218775,162.03370387245175
7034,2014,10,21,2,30,0,0,0,3.2314419746398926,12.5723815917969,148.95241182818984
7035,2014,10,21,3,30,0,0,0,3.09775447845459,12.509484863281275,135.09597916989156
7036,2014,10,21,4,30,0,0,0,3.0404491424560547,12.4204040527344,121.06572928556051
7037,2014,10,21,5,30,0,0,0,3.061235189437866,12.3360534667969,107.04046812385296
7038,2014,10,21,6,30,0,0,0,3.1372230052948,12.5985046386719,93.12849240070436
7039,2014,10,21,7,30,62,60,9,3.213200569152832,13.597680664062526,79.44700312388004
7040,2014,10,21,8,30,169,157,31,3.296452760696411,15.174829101562526,66.17950564844395
7041,2014,10,21,9,30,249,231,29,3.4052143096923833,17.132073974609398,53.659455782275174
7042,2014,10,21,10,30,321,296,33,3.4238061904907227,19.271844482421894,42.57369486039417
7043,2014,10,21,11,30,377,345,39,3.369077205657959,21.252343750000023,34.35667244471813
7044,2014,10,21,12,30,364,336,32,3.343578815460205,22.591790771484398,31.36098031988415
7045,2014,10,21,13,30,395,357,45,3.3399901390075684,22.964379882812523,34.958311064093316
7046,2014,10,21,14,30,754,104,896,3.3831729888916016,22.312463378906273,43.54176738321642
7047,2014,10,21,15,30,575,94,835,3.494022846221924,20.933770751953148,54.81139292309023
7048,2014,10,21,16,30,353,76,720,3.5541002750396733,19.244348144531273,67.42512850689755
7049,2014,10,21,17,30,122,40,509,3.581136465072632,17.404748535156273,80.74375598583258
7050,2014,10,21,18,30,0,0,0,3.6934852600097656,15.79961547851565,94.45526872164173
7051,2014,10,21,19,30,0,0,0,3.741608142852783,14.563256835937526,108.38566660508656
7052,2014,10,21,20,30,0,0,0,3.665085792541504,13.69976196289065,122.42257889563965
7053,2014,10,21,21,30,0,0,0,3.566325187683105,13.2358337402344,136.45936036310957
7054,2014,10,21,22,30,0,0,0,3.4810051918029785,12.90947875976565,150.31217689018126
7055,2014,10,21,23,30,0,0,0,3.4258213043212886,12.57451782226565,163.31901399036101
7056,2014,10,22,0,30,0,0,0,3.355432510375977,12.3464294433594,170.52656023667782
7057,2014,10,22,1,30,0,0,0,3.2226250171661377,12.201257324218775,162.2025180476676
7058,2014,10,22,2,30,0,0,0,3.035983800888061,12.0754333496094,149.0487254253732
7059,2014,10,22,3,30,0,0,0,2.847226619720459,12.00579223632815,135.17020788474014
7060,2014,10,22,4,30,0,0,0,2.72356915473938,11.941735839843775,121.13571438589405
7061,2014,10,22,5,30,0,0,0,2.6722517013549805,11.87847290039065,107.1155374024396
7062,2014,10,22,6,30,0,0,0,2.648113965988159,12.11821899414065,93.21567242116163
7063,2014,10,22,7,30,136,51,466,2.728015899658203,13.3697448730469,79.55350772074127
7064,2014,10,22,8,30,375,79,735,2.96293306350708,16.000360107421898,66.31452210481686
7065,2014,10,22,9,30,596,95,848,3.111411571502685,19.028253173828148,53.835912652213715
7066,2014,10,22,10,30,769,105,905,3.0266480445861816,21.565911865234398,42.80905644095861
7067,2014,10,22,11,30,878,110,933,2.829453468322754,23.439172363281273,34.66422711075711
7068,2014,10,22,12,30,912,112,940,2.639534473419189,24.442681884765648,31.715169301383305
7069,2014,10,22,13,30,870,110,930,2.5356693267822266,24.585595703125023,35.2917920992543
7070,2014,10,22,14,30,753,104,899,2.609313488006592,23.851495361328148,43.82210064797478
7071,2014,10,22,15,30,575,94,839,2.9387125968933105,22.402459716796894,55.0439881673059
7072,2014,10,22,16,30,352,76,725,3.3900632858276367,20.499322509765648,67.62245752526064
7073,2014,10,22,17,30,121,39,519,3.6970064640045166,18.271966552734398,80.91604466092225
7074,2014,10,22,18,30,0,0,0,3.924713611602783,16.406732177734398,94.61023563448107
7075,2014,10,22,19,30,0,0,0,4.0530338287353525,15.21563110351565,108.52963231752985
7076,2014,10,22,20,30,0,0,0,3.9751477241516113,14.4035583496094,122.56196722772594
7077,2014,10,22,21,30,0,0,0,3.803301095962525,13.9257751464844,136.60299991748414
7078,2014,10,22,22,30,0,0,0,3.607231616973877,13.57427368164065,150.47735062978526
7079,2014,10,22,23,30,0,0,0,3.44581937789917,13.217858886718775,163.5543862998049
7080,2014,10,23,0,30,0,0,0,3.294399738311768,12.958520507812526,170.87506422081418
7081,2014,10,23,1,30,0,0,0,3.114384651184082,12.7884460449219,162.36680120977
7082,2014,10,23,2,30,0,0,0,2.9271159172058105,12.621789550781275,149.14326777113442
7083,2014,10,23,3,30,0,0,0,2.767706632614136,12.459375000000026,135.24417592340984
7084,2014,10,23,4,30,0,0,0,2.633824586868286,12.282556152343775,121.20631920360547
7085,2014,10,23,5,30,0,0,0,2.535728931427002,12.17730102539065,107.1918037248028
7086,2014,10,23,6,30,0,0,0,2.483944892883301,12.373437500000026,93.30445372630169
7087,2014,10,23,7,30,137,52,473,2.595432043075561,13.558312988281275,79.66188925094163
7088,2014,10,23,8,30,378,80,746,2.8751673698425293,16.064202880859398,66.45154667045975
7089,2014,10,23,9,30,601,96,859,3.08233904838562,18.883874511718773,54.014251405644075
7090,2014,10,23,10,30,775,105,916,3.134310245513916,21.194238281250023,43.04559873638311
7091,2014,10,23,11,30,885,111,944,3.100342273712158,22.938195800781273,34.97116873244877
7092,2014,10,23,12,30,920,113,952,3.0606822967529297,23.993676757812523,32.06651334780981
7093,2014,10,23,13,30,876,111,941,3.0868468284606934,24.290093994140648,35.62186117941513
7094,2014,10,23,14,30,759,105,910,3.2064990997314453,23.820336914062523,44.09927725679915
7095,2014,10,23,15,30,578,94,849,3.4147663116455083,22.562890625000023,55.273485576642436
7096,2014,10,23,16,30,353,76,732,3.653765201568604,20.654809570312523,67.81654596572459
7097,2014,10,23,17,30,120,38,529,3.7778530120849614,18.253198242187523,81.0848418805625
7098,2014,10,23,18,30,0,0,0,3.903782367706299,16.180810546875026,94.76138492659115
7099,2014,10,23,19,30,0,0,0,4.0209712982177725,14.933251953125026,108.66936827802887
7100,2014,10,23,20,30,0,0,0,3.997756242752075,14.141259765625026,122.69658172230831
7101,2014,10,23,21,30,0,0,0,3.9178314208984375,13.6480651855469,136.74108789847594
7102,2014,10,23,22,30,0,0,0,3.7780258655548096,13.2874694824219,150.635762391815
7103,2014,10,23,23,30,0,0,0,3.6182737350463863,12.9700866699219,163.7815674545899
7104,2014,10,24,0,30,0,0,0,3.4637904167175293,12.679650878906275,171.2205352143323
7105,2014,10,24,1,30,0,0,0,3.315894603729248,12.438378906250026,162.52658789663744
7106,2014,10,24,2,30,0,0,0,3.2137198448181152,12.28142700195315,149.2361248147689
7107,2014,10,24,3,30,0,0,0,3.1141116619110107,12.156457519531275,135.31795266175857
7108,2014,10,24,4,30,0,0,0,2.9905662536621094,11.955224609375026,121.27759366861365
7109,2014,10,24,5,30,0,0,0,2.881886482238769,11.615686035156275,107.26929787347
7110,2014,10,24,6,30,0,0,0,2.79416823387146,11.726770019531275,93.3948466977603
7111,2014,10,24,7,30,134,51,468,2.7715094089508057,13.2501159667969,79.77213421015108
7112,2014,10,24,8,30,375,79,743,2.880021810531616,15.9329772949219,66.59053562700586
7113,2014,10,24,9,30,597,95,856,3.1379468441009517,18.731408691406273,54.194388700172674
7114,2014,10,24,10,30,770,105,913,3.3584766387939453,20.997888183593773,43.283192225517425
7115,2014,10,24,11,30,879,111,940,3.4282121658325195,22.530328369140648,35.27734664995149
7116,2014,10,24,12,30,912,112,947,3.427541255950928,23.34334716796877,32.41489350339499
7117,2014,10,24,13,30,869,110,937,3.3838090896606445,23.454858398437523,35.94839809244006
7118,2014,10,24,14,30,624,274,490,3.4003396034240723,22.908685302734398,44.373166654624384
7119,2014,10,24,15,30,459,237,391,3.5395350456237797,21.701135253906273,55.49976126465328
7120,2014,10,24,16,30,173,155,46,3.700084686279297,19.843743896484398,68.00728232201762
7121,2014,10,24,17,30,118,37,530,3.719293594360352,17.502191162109398,81.25004876011623
7122,2014,10,24,18,30,0,0,0,3.708996772766113,15.55889282226565,94.90862926267022
7123,2014,10,24,19,30,0,0,0,3.730947732925415,14.465417480468775,108.80479736531687
7124,2014,10,24,20,30,0,0,0,3.6833171844482417,13.7601257324219,122.82635333929116
7125,2014,10,24,21,30,0,0,0,3.628016948699951,13.3271423339844,136.8735576196829
7126,2014,10,24,22,30,0,0,0,3.5798158645629883,13.1441589355469,150.78732383651433
7127,2014,10,24,23,30,0,0,0,3.5095696449279785,12.924951171875026,164.0003096492281
7128,2014,10,25,0,30,0,0,0,3.438554286956787,12.5610290527344,171.56288253596358
7129,2014,10,25,1,30,0,0,0,3.388395071029663,12.1922546386719,162.68192125663947
7130,2014,10,25,2,30,0,0,0,3.2875518798828125,11.8177429199219,149.32738445523847
7131,2014,10,25,3,30,0,0,0,3.132810115814209,11.375817871093775,135.39160717455806
7132,2014,10,25,4,30,0,0,0,3.005811214447021,10.895043945312525,121.34958638096235
7133,2014,10,25,5,30,0,0,0,2.9399333000183105,10.42827758789065,107.34804863214526
7134,2014,10,25,6,30,0,0,0,2.83640718460083,10.5262390136719,93.48685919695671
7135,2014,10,25,7,30,137,52,483,2.7530362606048584,11.928796386718775,79.88422615726154
7136,2014,10,25,8,30,383,80,766,2.7828738689422607,14.6292663574219,66.73144208333042
7137,2014,10,25,9,30,610,97,882,2.7829294204711914,17.542474365234398,54.37623825900716
7138,2014,10,25,10,30,787,107,939,2.752147436141968,19.899560546875023,43.5217058242884
7139,2014,10,25,11,30,897,112,965,2.7541604042053223,21.715081787109398,35.58261088440935
7140,2014,10,25,12,30,931,114,971,2.765265941619873,22.855432128906273,32.760191317530186
7141,2014,10,25,13,30,885,111,960,2.775195598602295,23.296258544921894,36.27128369038141
7142,2014,10,25,14,30,766,105,928,2.7884583473205566,23.013238525390648,44.6436400436378
7143,2014,10,25,15,30,583,95,867,2.8526315689086914,21.975915527343773,55.72269324232605
7144,2014,10,25,16,30,356,77,751,2.9886932373046875,20.081811523437523,68.19455718491649
7145,2014,10,25,17,30,120,36,562,3.1985349655151367,17.465051269531273,81.41156885389292
7146,2014,10,25,18,30,0,0,0,3.4631547927856445,15.320886230468775,95.0518842156247
7147,2014,10,25,19,30,0,0,0,3.602857112884521,14.079125976562526,108.9358460011404
7148,2014,10,25,20,30,0,0,0,3.551867961883545,13.16118774414065,122.95121749959849
7149,2014,10,25,21,30,0,0,0,3.3862996101379395,12.481958007812526,137.00034837448393
7150,2014,10,25,22,30,0,0,0,3.173152446746826,11.9542175292969,150.93195549120182
7151,2014,10,25,23,30,0,0,0,3.004753589630127,11.514062500000026,164.21037348431955
7152,2014,10,26,0,30,0,0,0,2.8797430992126465,11.193566894531275,171.90201646284007
7153,2014,10,26,1,30,0,0,0,2.7449841499328613,11.06255493164065,162.83285304884384
7154,2014,10,26,2,30,0,0,0,2.5683510303497314,11.05303344726565,149.4171363415725
7155,2014,10,26,3,30,0,0,0,2.4275217056274414,11.024499511718775,135.46520809822633
7156,2014,10,26,4,30,0,0,0,2.298935890197754,10.950830078125025,121.42234450961031
7157,2014,10,26,5,30,0,0,0,2.1194868087768555,10.837792968750025,107.42808271071104
7158,2014,10,26,6,30,0,0,0,1.9498038291931152,10.96453247070315,93.58049651610945
7159,2014,10,26,7,30,137,52,488,1.7608721256256104,12.037622070312526,79.99814569776595
7160,2014,10,26,8,30,385,81,774,1.6129305362701416,14.184289550781275,66.87421600413346
7161,2014,10,26,9,30,613,97,890,1.6191246509552002,17.056634521484398,54.559710959184635
7162,2014,10,26,10,30,792,107,948,1.7520451545715332,20.299737548828148,43.76100701225123
7163,2014,10,26,11,30,903,112,975,1.8385717868804927,22.803338623046894,35.886812186007305
7164,2014,10,26,12,30,936,114,981,1.8131434917449951,24.019311523437523,33.10228887851138
7165,2014,10,26,13,30,890,112,969,1.768883466720581,24.42391357421877,36.59039991808422
7166,2014,10,26,14,30,768,105,935,1.6816439628601074,24.196435546875023,44.910570422757814
7167,2014,10,26,15,30,581,94,869,1.5770187377929688,23.272515869140648,55.94216148480334
7168,2014,10,26,16,30,351,76,745,1.6528878211975098,21.474389648437523,68.37826332295859
7169,2014,10,26,17,30,116,35,552,1.9384959936141968,19.069757080078148,81.56930824223414
7170,2014,10,26,18,30,0,0,0,2.1313953399658203,17.232598876953148,95.19106835715462
7171,2014,10,26,19,30,0,0,0,2.0534603595733643,16.104211425781273,109.06244424538744
7172,2014,10,26,20,30,0,0,0,1.8625092506408687,15.073999023437526,123.07111419157579
7173,2014,10,26,21,30,0,0,0,1.7094650268554688,14.30718383789065,137.1214055819535
7174,2014,10,26,22,30,0,0,0,1.5697851181030271,13.907800292968775,151.06958709394095
7175,2014,10,26,23,30,0,0,0,1.490058422088623,13.7182556152344,164.4115296586829
7176,2014,10,27,0,30,0,0,0,1.566051721572876,13.5609069824219,172.23784826262604
7177,2014,10,27,1,30,0,0,0,1.7223280668258667,13.378686523437526,162.9794436066787
7178,2014,10,27,2,30,0,0,0,1.8502185344696045,13.20867309570315,149.5054716703984
7179,2014,10,27,3,30,0,0,0,1.9372444152832031,13.086083984375026,135.53882349439306
7180,2014,10,27,4,30,0,0,0,2.01670503616333,12.971215820312526,121.49591369295428
7181,2014,10,27,5,30,0,0,0,2.07341742515564,12.8421569824219,107.50942467256122
7182,2014,10,27,6,30,0,0,0,2.061207771301269,13.2639099121094,93.67576133245285
7183,2014,10,27,7,30,128,50,453,1.9495698213577268,15.118737792968775,80.1138704711964
7184,2014,10,27,8,30,366,79,736,1.7565295696258545,17.848962402343773,67.01880424290877
7185,2014,10,27,9,30,588,95,853,1.4984085559844968,20.407281494140648,54.744714922804995
7186,2014,10,27,10,30,762,105,913,1.1796400547027588,22.496575927734398,44.00096195748395
7187,2014,10,27,11,30,870,110,941,0.8646034598350525,24.00643310546877,36.18980208061953
7188,2014,10,27,12,30,905,112,949,0.6095710396766663,24.862329101562523,33.44106884873125
7189,2014,10,27,13,30,861,110,939,0.4362461268901825,24.987542724609398,36.90562984372839
7190,2014,10,27,14,30,580,318,371,0.3318907916545868,24.558618164062523,45.17383262775566
7191,2014,10,27,15,30,454,232,397,0.30134469270706177,23.718865966796894,56.15804799751884
7192,2014,10,27,16,30,242,157,233,0.3768692314624785,22.589807128906273,68.55829576205373
7193,2014,10,27,17,30,99,56,297,0.5480173826217651,21.324853515625023,81.72317561694977
7194,2014,10,27,18,30,0,0,0,0.7366951704025269,20.351220703125023,95.32610334609244
7195,2014,10,27,19,30,0,0,0,0.904471755027771,19.875482177734398,109.18452588752348
7196,2014,10,27,20,30,0,0,0,1.0607035160064695,19.285699462890648,123.1859880709441
7197,2014,10,27,21,30,0,0,0,1.2012628316879272,18.343713378906273,137.23668092044272
7198,2014,10,27,22,30,0,0,0,1.3328466415405271,17.250756835937526,151.20015791151081
7199,2014,10,27,23,30,0,0,0,1.4542431831359863,16.205560302734398,164.60356074449106
7200,2014,10,28,0,30,0,0,0,1.5738649368286133,15.3358093261719,172.5702902244879
7201,2014,10,28,1,30,0,0,0,1.68029522895813,14.5683532714844,163.1217617637409
7202,2014,10,28,2,30,0,0,0,1.7003536224365234,13.8615661621094,149.59248298049502
7203,2014,10,28,3,30,0,0,0,1.6272039413452148,13.6428161621094,135.6125207141269
7204,2014,10,28,4,30,0,0,0,1.4967191219329834,13.77666625976565,121.57033794080351
7205,2014,10,28,5,30,0,0,0,1.302448868751526,13.659082031250026,107.59209686422966
7206,2014,10,28,6,30,0,0,0,1.0679510831832886,13.754663085937526,93.7726536654357
7207,2014,10,28,7,30,126,50,449,0.8566712141036987,14.7442565917969,80.23137514234514
7208,2014,10,28,8,30,363,78,733,0.7438126802444458,16.824395751953148,67.16515057894465
7209,2014,10,28,9,30,584,94,851,0.7528164386749268,20.129052734375023,54.93115561058075
7210,2014,10,28,10,30,759,105,912,0.8582264184951782,23.353875732421894,44.241435639385465
7211,2014,10,28,11,30,869,110,943,0.974043607711792,25.569635009765648,36.491432915096006
7212,2014,10,28,12,30,905,112,953,1.0735523700714111,26.995660400390648,33.77641450135136
7213,2014,10,28,13,30,862,110,944,1.2005276679992676,27.49276123046877,37.21685769135754
7214,2014,10,28,14,30,746,104,914,1.4456336498260498,27.094140625000023,45.43330337229232
7215,2014,10,28,15,30,565,93,852,1.9191434383392332,25.782739257812523,56.370236882066
7216,2014,10,28,16,30,341,75,732,2.5037827491760254,23.630273437500023,68.73455186427925
7217,2014,10,28,17,30,110,52,413,3.070523500442505,20.714227294921894,81.87308236529846
7218,2014,10,28,18,30,0,0,0,3.5126967430114746,18.131219482421894,95.45691401425312
7219,2014,10,28,19,30,0,0,0,3.6864266395568848,16.458489990234398,109.30202853391928
7220,2014,10,28,20,30,0,0,0,3.672511100769043,15.296777343750026,123.29578855372448
7221,2014,10,28,21,30,0,0,0,3.580535888671875,14.49065551757815,137.34613244783782
7222,2014,10,28,22,30,0,0,0,3.409015655517578,13.92949829101565,151.32361702824556
7223,2014,10,28,23,30,0,0,0,3.1903693675994877,13.657739257812526,164.78626302629797
7224,2014,10,29,0,30,0,0,0,3.0587167739868164,13.4841247558594,172.89925568829608
7225,2014,10,29,1,30,0,0,0,3.0220513343811035,13.227563476562526,163.25988474123795
7226,2014,10,29,2,30,0,0,0,2.907501220703125,12.807519531250026,149.6782639451991
7227,2014,10,29,3,30,0,0,0,2.7553296089172363,12.233483886718775,135.6863662630229
7228,2014,10,29,4,30,0,0,0,2.6712799072265625,11.6270690917969,121.64565953808645
7229,2014,10,29,5,30,0,0,0,2.6372323036193848,11.00774536132815,107.67611934742055
7230,2014,10,29,6,30,0,0,0,2.588714599609375,10.794763183593775,93.87117083724894
7231,2014,10,29,7,30,133,52,485,2.452414035797119,11.93316040039065,80.35063139636486
7232,2014,10,29,8,30,383,81,783,2.347268581390381,14.5722595214844,67.31319575819529
7233,2014,10,29,9,30,614,97,903,2.371866226196289,17.711724853515648,55.11893591762697
7234,2014,10,29,10,30,794,107,962,2.553332805633545,20.649468994140648,44.48229196942376
7235,2014,10,29,11,30,905,113,989,2.7065892219543457,22.895227050781273,36.791557901575615
7236,2014,10,29,12,30,939,114,996,2.687558650970459,24.106500244140648,34.10820975842257
7237,2014,10,29,13,30,893,112,984,2.65504789352417,24.433618164062523,37.523968875264856
7238,2014,10,29,14,30,771,106,952,2.68183708190918,23.972955322265648,45.68886128979771
7239,2014,10,29,15,30,585,95,890,2.819672107696533,22.717736816406273,56.578614401714894
7240,2014,10,29,16,30,353,76,769,3.0340890884399414,20.504449462890648,68.9069314057465
7241,2014,10,29,17,30,115,53,447,3.3465476036071777,17.437829589843773,82.01894265234823
7242,2014,10,29,18,30,0,0,0,3.68098783493042,14.897241210937526,95.5834284494468
7243,2014,10,29,19,30,0,0,0,3.818327903747559,13.421838378906275,109.41489369054906
7244,2014,10,29,20,30,0,0,0,3.804343700408936,12.29619750976565,123.40046990145885
7245,2014,10,29,21,30,0,0,0,3.732856750488281,11.3662048339844,137.44972470755724
7246,2014,10,29,22,30,0,0,0,3.6196212768554688,10.66155395507815,151.43992360263383
7247,2014,10,29,23,30,0,0,0,3.4374890327453613,10.6147399902344,164.95944838038955
7248,2014,10,30,0,30,0,0,0,3.156445026397705,10.969262695312525,173.22465907127068
7249,2014,10,30,1,30,0,0,0,2.9190001487731934,10.9074645996094,163.39389799698358
7250,2014,10,30,2,30,0,0,0,2.6845998764038086,10.58904418945315,149.76290916331175
7251,2014,10,30,3,30,0,0,0,2.3573145866394043,10.3445983886719,135.7604256675869
7252,2014,10,30,4,30,0,0,0,2.0853543281555176,10.11931762695315,121.72191895042194
7253,2014,10,30,5,30,0,0,0,1.922199249267578,9.88628540039065,107.76150983360719
7254,2014,10,30,6,30,0,0,0,1.8286325931549072,9.9152770996094,93.9713074365596
7255,2014,10,30,7,30,128,51,467,1.8127849102020264,11.055566406250025,80.47160793781093
7256,2014,10,30,8,30,372,80,763,1.8187272548675537,13.863427734375026,67.46287753823697
7257,2014,10,30,9,30,598,96,882,1.8646106719970703,17.370599365234398,55.30795627159216
7258,2014,10,30,10,30,776,106,942,2.0928449630737305,20.414147949218773,44.723393910069746
7259,2014,10,30,11,30,886,112,970,2.4451494216918945,22.530908203125023,37.09003116094661
7260,2014,10,30,12,30,919,113,977,2.815293312072754,23.55135498046877,34.43633923037725
7261,2014,10,30,13,30,875,111,966,3.183579921722412,23.683587646484398,37.82685003612585
7262,2014,10,30,14,30,755,105,935,3.488149881362915,23.107354736328148,45.940386976078265
7263,2014,10,30,15,30,572,94,872,3.724510908126831,21.836572265625023,56.78306904642417
7264,2014,10,30,16,30,343,75,750,3.870353221893311,19.699670410156273,69.07533665321745
7265,2014,10,30,17,30,110,52,427,3.976961374282837,16.819909667968773,82.16067350131496
7266,2014,10,30,18,30,0,0,0,4.099541664123535,14.4754577636719,95.70557807566892
7267,2014,10,30,19,30,0,0,0,4.099268436431885,13.15593872070315,109.52306684116064
7268,2014,10,30,20,30,0,0,0,4.043699264526366,12.19329223632815,123.49999129869764
7269,2014,10,30,21,30,0,0,0,4.020276546478272,11.41411743164065,137.54742881973664
7270,2014,10,30,22,30,0,0,0,3.940519094467163,10.834313964843775,151.54904708874517
7271,2014,10,30,23,30,0,0,0,3.790181159973145,10.56792602539065,165.1229461668481
7272,2014,10,31,0,30,0,0,0,3.6400790214538574,10.520349121093775,173.54641589098546
7273,2014,10,31,1,30,0,0,0,3.5703024864196777,10.447961425781275,163.5238950360427
7274,2014,10,31,2,30,0,0,0,3.4579465389251713,10.2623229980469,149.84651394870173
7275,2014,10,31,3,30,0,0,0,3.2702341079711914,9.98870239257815,135.83476334275346
7276,2014,10,31,4,30,0,0,0,3.1849031448364262,9.63384399414065,121.79915473153982
7277,2014,10,31,5,30,0,0,0,3.2263331413269043,9.23479614257815,107.84828362116207
7278,2014,10,31,6,30,0,0,0,3.316169261932373,9.17827758789065,94.07305528554
7279,2014,10,31,7,30,126,50,464,3.400513172149658,10.30693969726565,80.59427049351189
7280,2014,10,31,8,30,370,79,762,3.629000186920166,12.7670837402344,67.61413073686245
7281,2014,10,31,9,30,595,96,881,3.9566292762756343,15.42180786132815,55.49811473241228
7282,2014,10,31,10,30,769,106,938,4.1437644958496085,17.496575927734398,44.9646035914263
7283,2014,10,31,11,30,877,111,963,4.214149951934815,19.011071777343773,37.38670776561643
7284,2014,10,31,12,30,908,113,968,4.224868774414063,19.920007324218773,34.7606882568811
7285,2014,10,31,13,30,862,110,955,4.193024635314941,20.161187744140648,38.1253890788625
7286,2014,10,31,14,30,743,104,922,4.225190162658691,19.721002197265648,46.187763032799424
7287,2014,10,31,15,30,561,93,859,4.375560760498047,18.595361328125023,56.98349159753509
7288,2014,10,31,16,30,337,75,738,4.533224582672119,16.768975830078148,69.23967243975835
7289,2014,10,31,17,30,106,51,414,4.5534210205078125,14.3975769042969,82.29819487213513
7290,2014,10,31,18,30,0,0,0,4.611724853515625,12.425805664062526,95.82329773010242
7291,2014,10,31,19,30,0,0,0,4.7387428283691415,11.255456542968775,109.62649752036816
7292,2014,10,31,20,30,0,0,0,4.772766590118408,10.47344360351565,123.59431692208011
7293,2014,10,31,21,30,0,0,0,4.746291637420653,10.030786132812525,137.63922255659452
7294,2014,10,31,22,30,0,0,0,4.648845195770264,9.783532714843775,151.6509674196994
7295,2014,10,31,23,30,0,0,0,4.529092311859131,9.53154907226565,165.27660510289817
7296,2014,11,1,0,30,0,0,0,4.422442436218262,9.247155761718775,173.86444278321065
7297,2014,11,1,1,30,0,0,0,4.356402397155762,9.0015808105469,163.64997718364108
7298,2014,11,1,2,30,0,0,0,4.215301513671875,8.826074218750025,149.92917411938788
7299,2014,11,1,3,30,0,0,0,3.972886085510254,8.651361083984398,135.90944246083512
7300,2014,11,1,4,30,0,0,0,3.8225994110107417,8.403192138671898,121.87740343279613
7301,2014,11,1,5,30,0,0,0,3.7685518264770512,8.133203125000023,107.93645353524626
7302,2014,11,1,6,30,0,0,0,3.7177767753601074,8.276208496093773,94.17640341039714
7303,2014,11,1,7,30,123,50,453,3.6894876956939697,9.60198364257815,80.7185818194587
7304,2014,11,1,8,30,364,79,754,3.8301966190338135,11.9881530761719,67.76688728448853
7305,2014,11,1,9,30,589,95,875,4.014953136444092,14.6898132324219,55.68930709400899
7306,2014,11,1,10,30,764,105,934,4.050499439239502,17.213647460937526,45.20578242599282
7307,2014,11,1,11,30,873,111,963,3.9616663455963135,19.199456787109398,37.68144378189577
7308,2014,11,1,12,30,906,112,969,3.773423194885254,20.519616699218773,35.08114294902201
7309,2014,11,1,13,30,860,110,957,3.580254316329956,21.087487792968773,38.41947521207405
7310,2014,11,1,14,30,740,104,923,3.5434966087341313,20.805627441406273,46.430874111603785
7311,2014,11,1,15,30,558,93,857,3.744719982147217,19.667291259765648,57.179775191845856
7312,2014,11,1,16,30,332,74,733,4.0666160583496085,17.686547851562523,69.39984623902
7313,2014,11,1,17,30,104,50,405,4.3086633682250985,15.1367126464844,82.43142973777907
7314,2014,11,1,18,30,0,0,0,4.473582267761231,13.06243286132815,95.93652573686892
7315,2014,11,1,19,30,0,0,0,4.481411933898926,11.901086425781275,109.72513938153392
7316,2014,11,1,20,30,0,0,0,4.284792900085448,11.268029785156275,123.68341600076886
7317,2014,11,1,21,30,0,0,0,4.066431522369385,10.9736267089844,137.72509040165286
7318,2014,11,1,22,30,0,0,0,3.8402180671691895,10.8384948730469,151.74567515095188
7319,2014,11,1,23,30,0,0,0,3.5750985145568848,10.686425781250025,165.4202950828244
7320,2014,11,2,0,30,0,0,0,3.3267836570739746,10.398461914062525,174.17865751253086
7321,2014,11,2,1,30,0,0,0,3.1313877105712886,10.0488220214844,163.77225332128666
7322,2014,11,2,2,30,0,0,0,2.921526432037353,9.7398620605469,150.01098578636532
7323,2014,11,2,3,30,0,0,0,2.6980509757995605,9.4715515136719,135.98452482209314
7324,2014,11,2,4,30,0,0,0,2.513622283935547,9.223474121093775,121.9566995147288
7325,2014,11,2,5,30,0,0,0,2.371185541152954,9.0080505371094,108.02602987038931
7326,2014,11,2,6,30,0,0,0,2.2654128074646,9.089501953125025,94.28133801510657
7327,2014,11,2,7,30,119,49,443,2.1490037441253658,10.23601684570315,80.84450171135407
7328,2014,11,2,8,30,299,134,440,1.8854327201843264,13.171228027343775,67.92107628004824
7329,2014,11,2,9,30,471,230,430,1.336155891418457,17.565667724609398,55.881426987445366
7330,2014,11,2,10,30,755,105,926,0.7219128608703613,21.663018798828148,45.4467912213115
7331,2014,11,2,11,30,775,341,550,0.4625802934169769,24.071832275390648,37.974096311953524
7332,2014,11,2,12,30,799,367,530,0.5842597484588623,25.031274414062523,35.39759023275843
7333,2014,11,2,13,30,778,302,610,0.8589786291122437,25.060784912109398,38.70899898906238
7334,2014,11,2,14,30,738,104,924,1.2194654941558838,24.29744873046877,46.66960695909282
7335,2014,11,2,15,30,557,93,860,1.7181941270828247,22.812554931640648,57.37181538536746
7336,2014,11,2,16,30,287,103,527,2.414215326309204,20.508020019531273,69.55576823825642
7337,2014,11,2,17,30,95,52,332,3.1772091388702397,17.409265136718773,82.56030415838113
7338,2014,11,2,18,30,0,0,0,3.7653889656066895,14.71465454101565,96.04520397718088
7339,2014,11,2,19,30,0,0,0,4.025477409362793,13.094812011718775,109.8189502591575
7340,2014,11,2,20,30,0,0,0,3.980214357376098,12.1661315917969,123.76726286791451
7341,2014,11,2,21,30,0,0,0,3.770074844360352,11.728906250000026,137.80502359202484
7342,2014,11,2,22,30,0,0,0,3.44834303855896,11.475671386718775,151.8331715610976
7343,2014,11,2,23,30,0,0,0,3.080265998840332,11.27398071289065,165.5539089070311
7344,2014,11,3,0,30,0,0,0,2.734236717224121,11.10015258789065,174.48897897298042
7345,2014,11,3,1,30,0,0,0,2.4366846084594727,10.946008300781275,163.89083958756797
7346,2014,11,3,2,30,0,0,0,2.1351919174194336,10.821435546875025,150.09204514279077
7347,2014,11,3,3,30,0,0,0,1.8432583808898928,10.69695434570315,136.06007072693194
7348,2014,11,3,4,30,0,0,0,1.66485333442688,10.5103698730469,122.03707526085644
7349,2014,11,3,5,30,0,0,0,1.6057901382446291,10.233361816406275,108.11702033594702
7350,2014,11,3,6,30,0,0,0,1.6006307601928709,10.3746276855469,94.38784245891732
7351,2014,11,3,7,30,116,48,433,1.4300832748413086,12.3796325683594,80.97198701932778
7352,2014,11,3,8,30,352,78,735,1.0535249710083008,16.169000244140648,68.07662405051967
7353,2014,11,3,9,30,518,179,606,0.6776538491249084,20.045251464843773,56.074365985521496
7354,2014,11,3,10,30,745,104,917,0.31533727049827576,23.31478271484377,45.68749029062891
7355,2014,11,3,11,30,853,110,946,0.12276754528284073,25.706811523437523,38.26452353567032
7356,2014,11,3,12,30,795,366,528,0.21502247452735898,26.954583740234398,35.70991789361507
7357,2014,11,3,13,30,840,109,940,0.3573755919933319,27.227410888671894,38.993852350243614
7358,2014,11,3,14,30,722,103,906,0.5265276432037354,26.620263671875023,46.903850462342646
7359,2014,11,3,15,30,543,92,840,0.9427509307861328,25.111230468750023,57.559510216337436
7360,2014,11,3,16,30,321,73,715,1.6453828811645508,22.769525146484398,69.7073514098863
7361,2014,11,3,17,30,98,49,383,2.3936123847961426,20.087609863281273,82.6847473529308
7362,2014,11,3,18,30,0,0,0,2.8729581832885738,17.965509033203148,96.149277955851
7363,2014,11,3,19,30,0,0,0,3.039745092391968,16.353387451171898,109.90789222546495
7364,2014,11,3,20,30,0,0,0,3.0533175468444824,15.03533325195315,123.84583700265459
7365,2014,11,3,21,30,0,0,0,2.944443225860596,14.16912231445315,137.87902014337752
7366,2014,11,3,22,30,0,0,0,2.702449321746826,13.682763671875026,151.91346870868588
7367,2014,11,3,23,30,0,0,0,2.414936065673828,13.464562988281275,165.67736388192378
7368,2014,11,4,0,30,0,0,0,2.1822023391723637,13.343103027343775,174.79532717453594
7369,2014,11,4,1,30,0,0,0,2.0152599811553955,13.178857421875026,164.00585904518758
7370,2014,11,4,2,30,0,0,0,1.931000113487244,12.858422851562526,150.17244825377531
7371,2014,11,4,3,30,0,0,0,1.9829440116882324,12.51116333007815,136.13613884995752
7372,2014,11,4,4,30,0,0,0,2.0820903778076167,12.213159179687526,122.11856069378022
7373,2014,11,4,5,30,0,0,0,2.1267848014831543,11.872094726562526,108.20943000447744
7374,2014,11,4,6,30,0,0,0,2.1364428997039795,12.156701660156275,94.49589723713068
7375,2014,11,4,7,30,113,47,422,2.1088733673095703,14.15752563476565,81.10099166625257
7376,2014,11,4,8,30,263,153,295,2.1371488571166988,17.236627197265648,68.23345421365404
7377,2014,11,4,9,30,564,93,848,2.2605435848236084,20.200524902343773,56.26801370858017
7378,2014,11,4,10,30,735,103,907,2.450808048248291,22.623101806640648,45.92773956155571
7379,2014,11,4,11,30,840,109,934,2.7206757068634038,24.215203857421894,38.55258475239968
7380,2014,11,4,12,30,871,110,940,3.0058388710021973,24.97322998046877,36.018014622559726
7381,2014,11,4,13,30,827,108,928,3.26983904838562,24.95955810546877,39.27392866695152
7382,2014,11,4,14,30,710,102,894,3.4160857200622563,24.324029541015648,47.13349569511792
7383,2014,11,4,15,30,512,126,722,3.4021248817443848,23.154473876953148,57.74276026775757
7384,2014,11,4,16,30,275,109,483,3.21235728263855,21.432000732421894,69.85451158158729
7385,2014,11,4,17,30,62,54,65,2.9441728591918945,19.315789794921894,82.8046917684853
7386,2014,11,4,18,30,0,0,0,2.699518203735352,17.747583007812523,96.2486968639067
7387,2014,11,4,19,30,0,0,0,2.429293155670166,16.870111083984398,109.99193164112414
7388,2014,11,4,20,30,0,0,0,2.222445487976074,15.889733886718775,123.91912306273596
7389,2014,11,4,21,30,0,0,0,2.150006055831909,14.791833496093775,137.9470848573201
7390,2014,11,4,22,30,0,0,0,2.1515822410583496,13.859399414062526,151.9865894436739
7391,2014,11,4,23,30,0,0,0,2.178548812866211,13.213098144531275,165.79060325158957
7392,2014,11,5,0,30,0,0,0,2.2217798233032227,12.965234375000026,175.0976232098981
7393,2014,11,5,1,30,0,0,0,2.218711376190185,13.2083679199219,164.11744131647157
7394,2014,11,5,2,30,0,0,0,2.1977918148040767,13.540856933593775,150.25229084735614
7395,2014,11,5,3,30,0,0,0,2.263559341430664,13.555993652343775,136.2127861159523
7396,2014,11,5,4,30,0,0,0,2.416315078735352,13.35820922851565,122.20118349365144
7397,2014,11,5,5,30,0,0,0,2.6078691482543945,13.193444824218775,108.30326126308991
7398,2014,11,5,6,30,0,0,0,2.8181190490722656,13.324243164062526,94.60547996552594
7399,2014,11,5,7,30,63,54,55,3.0596311092376713,14.24395141601565,81.2314666699792
7400,2014,11,5,8,30,338,76,712,3.3022851943969727,16.181420898437526,68.3914877441251
7401,2014,11,5,9,30,487,198,523,3.5928425788879395,18.786248779296894,56.462257931451155
7402,2014,11,5,10,30,633,290,495,3.870112895965576,21.204675292968773,46.167398682827475
7403,2014,11,5,11,30,648,394,325,4.029022216796875,22.866937255859398,38.8381404228392
7404,2014,11,5,12,30,758,378,471,4.124138355255127,23.797265625000023,36.321770063047225
7405,2014,11,5,13,30,640,386,329,4.146810531616212,23.973870849609398,39.54912278650094
7406,2014,11,5,14,30,567,312,377,4.030311107635498,23.380883789062523,47.3584359646268
7407,2014,11,5,15,30,252,227,46,3.7922458648681636,22.215875244140648,57.92146872916617
7408,2014,11,5,16,30,200,147,155,3.3977410793304443,20.654443359375023,69.99716750469449
7409,2014,11,5,17,30,69,53,129,2.96954607963562,18.717156982421894,82.92007314657587
7410,2014,11,5,18,30,0,0,0,2.645360946655273,17.400567626953148,96.34341363710985
7411,2014,11,5,19,30,0,0,0,2.264715671539306,16.916070556640648,110.07103919972711
7412,2014,11,5,20,30,0,0,0,1.8251869678497317,16.407678222656273,123.98711090721848
7413,2014,11,5,21,30,0,0,0,1.390257716178894,15.876611328125026,138.00922931086953
7414,2014,11,5,22,30,0,0,0,0.9521421194076538,15.316064453125026,152.0525673728145
7415,2014,11,5,23,30,0,0,0,0.5413296222686768,14.568078613281275,165.89359742382192
7416,2014,11,6,0,30,0,0,0,0.2033446580171585,13.8498474121094,175.3957891932256
7417,2014,11,6,1,30,0,0,0,0.20537507534027102,13.304528808593775,164.22572218962955
7418,2014,11,6,2,30,0,0,0,0.5063830614089966,12.9265075683594,150.33166810693973
7419,2014,11,6,3,30,0,0,0,0.7907083034515381,12.8430114746094,136.29006757784953
7420,2014,11,6,4,30,0,0,0,1.0177406072616575,13.0560241699219,122.28496891906416
7421,2014,11,6,5,30,0,0,0,1.1919556856155396,13.29107055664065,108.39851376780408
7422,2014,11,6,6,30,0,0,0,1.351588487625122,13.53704223632815,94.71656536843383
7423,2014,11,6,7,30,106,46,400,1.5450160503387451,14.681542968750026,81.3633601694225
7424,2014,11,6,8,30,333,76,704,1.7666385173797607,17.313531494140648,68.5506430427591
7425,2014,11,6,9,30,547,92,827,1.877748727798462,19.742028808593773,56.65698469130814
7426,2014,11,6,10,30,715,102,889,1.8704047203063965,21.146508789062523,46.40632712914421
7427,2014,11,6,11,30,821,108,918,1.8416121006011963,22.198510742187523,39.121052211021855
7428,2014,11,6,12,30,853,109,926,1.7911109924316406,22.734979248046894,36.62107485914012
7429,2014,11,6,13,30,810,107,915,1.7480247020721436,22.759423828125023,39.81933107844976
7430,2014,11,6,14,30,334,302,47,1.7130438089370728,22.386804199218773,47.578566858763615
7431,2014,11,6,15,30,522,90,816,1.8978360891342163,21.502038574218773,58.095541457739365
7432,2014,11,6,16,30,306,72,689,2.3879163265228267,19.909661865234398,70.13524092095139
7433,2014,11,6,17,30,90,47,353,2.934185028076172,17.796197509765648,83.03083058695051
7434,2014,11,6,18,30,0,0,0,3.397883415222168,15.981347656250026,96.43338501028687
7435,2014,11,6,19,30,0,0,0,3.721515655517578,14.99004516601565,110.14518996593729
7436,2014,11,6,20,30,0,0,0,3.894434690475464,14.4251647949219,124.04979560915173
7437,2014,11,6,21,30,0,0,0,3.864882946014404,13.8692565917969,138.06547182781102
7438,2014,11,6,22,30,0,0,0,3.654120922088623,13.293115234375026,152.1114467784518
7439,2014,11,6,23,30,0,0,0,3.358716487884521,12.82146606445315,165.98634495566583
7440,2014,11,7,0,30,0,0,0,3.0216493606567383,12.463098144531275,175.6897481586131
7441,2014,11,7,1,30,0,0,0,2.6818394660949707,12.2101989746094,164.3308431983093
7442,2014,11,7,2,30,0,0,0,2.409259557723999,12.04277954101565,150.41067446548
7443,2014,11,7,3,30,0,0,0,2.2652621269226074,11.725000000000026,136.36803629700168
7444,2014,11,7,4,30,0,0,0,2.275972843170166,11.145349121093775,122.36993973063794
7445,2014,11,7,5,30,0,0,0,2.3765454292297363,10.58159790039065,108.49518440117008
7446,2014,11,7,6,30,0,0,0,2.456512928009033,10.548181152343775,94.82912527032684
7447,2014,11,7,7,30,53,50,24,2.461209297180176,11.65581665039065,81.49661745430433
7448,2014,11,7,8,30,172,151,59,2.4004340171813965,14.121240234375026,68.71083600875896
7449,2014,11,7,9,30,547,92,832,2.1879806518554688,17.061120605468773,56.85207839633525
7450,2014,11,7,10,30,716,102,894,1.7557899951934814,19.782098388671894,46.64438430415782
7451,2014,11,7,11,30,822,108,924,1.2404983043670654,22.294702148437523,39.401183026620004
7452,2014,11,7,12,30,856,110,933,0.8401408195495605,24.20028076171877,36.91582070468122
7453,2014,11,7,13,30,813,108,922,0.7799475789070129,25.038232421875023,40.08445148191881
7454,2014,11,7,14,30,698,101,888,0.9465494155883788,24.692559814453148,47.793786293754394
7455,2014,11,7,15,30,467,170,563,1.075389385223389,23.492364501953148,58.264887038526105
7456,2014,11,7,16,30,209,142,197,1.078222632408142,21.976037597656273,70.26865662736748
7457,2014,11,7,17,30,61,52,73,0.921500027179718,20.591607666015648,83.13690660816688
7458,2014,11,7,18,30,0,0,0,0.7905882596969604,19.599908447265648,96.51857156715995
7459,2014,11,7,19,30,0,0,0,0.6972814798355103,18.807885742187523,110.21436340709181
7460,2014,11,7,20,30,0,0,0,0.5370461940765381,18.000024414062523,124.10717745821852
7461,2014,11,7,21,30,0,0,0,0.35853463411331177,17.153436279296898,138.11583743209997
7462,2014,11,7,22,30,0,0,0,0.16490691900253296,16.189752197265648,152.16328249102756
7463,2014,11,7,23,30,0,0,0,0.2816278338432312,15.2336364746094,166.06887326791227
7464,2014,11,8,0,30,0,0,0,0.7562207579612732,14.421533203125026,175.97942390011212
7465,2014,11,8,1,30,0,0,0,1.237912654876709,13.818750000000026,164.43295117746098
7466,2014,11,8,2,30,0,0,0,1.57135009765625,13.477136230468775,150.4894034018729
7467,2014,11,8,3,30,0,0,0,1.7005000114440918,13.253503417968775,136.44674322554548
7468,2014,11,8,4,30,0,0,0,1.641307353973389,13.0345397949219,122.45611611707994
7469,2014,11,8,5,30,0,0,0,1.4492473602294922,12.65422973632815,108.5932672329277
7470,2014,11,8,6,30,0,0,0,1.2639038562774658,12.719995117187526,94.9431285911236
7471,2014,11,8,7,30,103,45,397,1.1618655920028689,14.41033325195315,81.63118099868693
7472,2014,11,8,8,30,231,156,207,1.2884576320648191,16.823602294921898,68.87198011498839
7473,2014,11,8,9,30,446,235,388,1.5755860805511477,18.785577392578148,57.047421935113604
7474,2014,11,8,10,30,718,102,900,1.778557300567627,20.488763427734398,46.881429641720025
7475,2014,11,8,11,30,824,108,930,1.91554856300354,21.934686279296894,39.67839706754175
7476,2014,11,8,12,30,455,398,71,2.0456860065460205,22.808221435546894,37.205900393472994
7477,2014,11,8,13,30,681,335,453,2.174893856048584,22.921594238281273,40.34438355396047
7478,2014,11,8,14,30,700,102,894,2.300798892974853,22.358392333984398,48.0039945622176
7479,2014,11,8,15,30,409,226,349,2.471029758453369,21.283776855468773,58.42941684383504
7480,2014,11,8,16,30,307,72,702,2.71181583404541,19.624932861328148,70.3973425391742
7481,2014,11,8,17,30,90,47,363,3.0852861404418945,17.578210449218773,83.23824720520076
7482,2014,11,8,18,30,0,0,0,3.5363123416900635,15.795495605468775,96.59893778566943
7483,2014,11,8,19,30,0,0,0,3.8894438743591313,14.396142578125026,110.27854341805401
7484,2014,11,8,20,30,0,0,0,4.033468246459962,13.2851501464844,124.15926195301785
7485,2014,11,8,21,30,0,0,0,3.9852919578552246,12.569543457031275,138.16035778316322
7486,2014,11,8,22,30,0,0,0,3.902363777160645,12.126184082031275,152.20813971578832
7487,2014,11,8,23,30,0,0,0,3.825962066650391,11.657861328125026,166.1412390634683
7488,2014,11,9,0,30,0,0,0,3.747511148452759,11.087365722656275,176.26474072527063
7489,2014,11,9,1,30,0,0,0,3.709229707717896,10.54644165039065,164.53219779838383
7490,2014,11,9,2,30,0,0,0,3.683159828186035,10.155053710937525,150.56794723972303
7491,2014,11,9,3,30,0,0,0,3.651556491851807,9.8889099121094,136.52623709118686
7492,2014,11,9,4,30,0,0,0,3.6481995582580566,9.65178833007815,122.54351562402799
7493,2014,11,9,5,30,0,0,0,3.6566860675811768,9.4197937011719,108.69275348397964
7494,2014,11,9,6,30,0,0,0,3.6082668304443364,9.546228027343775,95.05854134518394
7495,2014,11,9,7,30,79,51,194,3.5043058395385738,10.737207031250025,81.76699049820944
7496,2014,11,9,8,30,236,153,232,3.370827436447144,12.9851013183594,69.03398648594572
7497,2014,11,9,9,30,448,232,398,3.1323704719543457,15.63848266601565,57.24289678660312
7498,2014,11,9,10,30,535,340,286,2.802706718444824,18.242028808593773,47.11732270541889
7499,2014,11,9,11,30,683,347,437,2.4157447814941406,20.506677246093773,39.952559862965614
7500,2014,11,9,12,30,775,351,534,2.002969741821289,22.155023193359398,37.49120787034598
7501,2014,11,9,13,30,708,329,499,1.6695910692214966,22.929193115234398,40.59902851877675
7502,2014,11,9,14,30,624,242,574,1.573444128036499,22.684320068359398,48.20909438139558
7503,2014,11,9,15,30,447,195,482,1.8232088088989256,21.446313476562523,58.589045091620655
7504,2014,11,9,16,30,281,90,574,2.376562595367432,19.237359619140648,70.52122975069761
7505,2014,11,9,17,30,88,48,346,2.9338059425354004,16.611230468750026,83.33480190371138
7506,2014,11,9,18,30,0,0,0,3.2245748043060303,14.5211120605469,96.6744520786002
7507,2014,11,9,19,30,0,0,0,3.255822896957397,12.95671997070315,110.33771833934428
7508,2014,11,9,20,30,0,0,0,3.038981437683105,11.638513183593775,124.20605978309477
7509,2014,11,9,21,30,0,0,0,2.690213441848755,10.7338806152344,138.1990710934498
7510,2014,11,9,22,30,0,0,0,2.3179311752319336,10.3542419433594,152.24609381470128
7511,2014,11,9,23,30,0,0,0,1.951977491378784,10.4555603027344,166.20352843162502
7512,2014,11,10,0,30,0,0,0,1.7842199802398682,10.82256469726565,176.5456230783314
7513,2014,11,10,1,30,0,0,0,1.977633118629456,11.262780761718775,164.62873908605908
7514,2014,11,10,2,30,0,0,0,2.3907155990600586,11.54546508789065,150.64639694869973
7515,2014,11,10,3,30,0,0,0,2.7787015438079834,11.7209411621094,136.60656428440507
7516,2014,11,10,4,30,0,0,0,3.0276155471801762,11.972924804687526,122.63215308571495
7517,2014,11,10,5,30,0,0,0,3.156733989715576,12.145166015625026,108.79363149371358
7518,2014,11,10,6,30,0,0,0,3.198716640472412,12.386621093750026,95.17532664393688
7519,2014,11,10,7,30,66,52,98,3.1274442672729488,13.46270141601565,81.90398291090581
7520,2014,11,10,8,30,251,145,298,3.1975741386413574,15.72576293945315,69.19676397845015
7521,2014,11,10,9,30,468,197,502,3.3292808532714844,18.190637207031273,57.438383130504825
7522,2014,11,10,10,30,550,331,323,3.2658679485321045,20.031213378906273,47.35192328640442
7523,2014,11,10,11,30,672,348,425,3.19853949546814,21.115411376953148,40.22353831684588
7524,2014,11,10,12,30,586,424,204,3.220470905303955,21.287805175781273,37.77163828317263
7525,2014,11,10,13,30,649,356,388,3.3234331607818604,20.745935058593773,40.84828931779292
7526,2014,11,10,14,30,431,337,142,3.3682806491851807,19.742791748046894,48.40899094166871
7527,2014,11,10,15,30,321,246,145,3.161672115325928,18.527490234375023,58.74368890287543
7528,2014,11,10,16,30,161,139,66,2.757809400558472,17.428369140625026,70.64025259415921
7529,2014,11,10,17,30,32,32,0,2.4598116874694824,16.436364746093773,83.42652381107719
7530,2014,11,10,18,30,0,0,0,2.3607101440429688,15.67962036132815,96.74508682924049
7531,2014,11,10,19,30,0,0,0,2.3424277305603027,15.255578613281275,110.39188096818344
7532,2014,11,10,20,30,0,0,0,2.3755807876586914,14.9240661621094,124.24758680061797
7533,2014,11,10,21,30,0,0,0,2.407212018966675,14.58428344726565,138.2320220284562
7534,2014,11,10,22,30,0,0,0,2.414051055908203,14.2991882324219,152.27723004523776
7535,2014,11,10,23,30,0,0,0,2.4163637161254883,14.139428710937526,166.25585662790849
7536,2014,11,11,0,30,0,0,0,2.425926923751831,14.0484558105469,176.82199496226838
7537,2014,11,11,1,30,0,0,0,2.4948177337646484,13.980187988281275,164.7227349222039
7538,2014,11,11,2,30,0,0,0,2.5854523181915283,13.8094421386719,150.7248419489497
7539,2014,11,11,3,30,0,0,0,2.5591421127319336,13.56194458007815,136.68776874819875
7540,2014,11,11,4,30,0,0,0,2.316619873046875,13.43474731445315,122.7220405594241
7541,2014,11,11,5,30,0,0,0,2.0253589153289795,13.3432556152344,108.89588669061571
7542,2014,11,11,6,30,0,0,0,1.8599109649658203,13.3068786621094,95.29344470224241
7543,2014,11,11,7,30,32,32,0,1.7091069221496582,13.9207702636719,82.04209250163841
7544,2014,11,11,8,30,145,134,28,1.724581956863403,15.2166687011719,69.36021926498978
7545,2014,11,11,9,30,219,205,24,1.9034315347671509,16.632257080078148,57.63375995809469
7546,2014,11,11,10,30,477,349,190,2.0307862758636475,18.015985107421894,47.58509149971635
7547,2014,11,11,11,30,464,391,95,2.1904702186584477,19.038507080078148,40.49120075192013
7548,2014,11,11,12,30,162,155,8,2.38321304321289,19.474908447265648,38.0470880356314
7549,2014,11,11,13,30,360,331,38,2.531670093536377,19.957452392578148,41.092070660397255
7550,2014,11,11,14,30,316,289,41,2.576962947845459,20.081781005859398,48.60359195506135
7551,2014,11,11,15,30,161,159,3,2.476232051849365,19.216271972656273,58.89326835778945
7552,2014,11,11,16,30,164,139,74,2.132575511932373,17.964685058593773,70.75434869602884
7553,2014,11,11,17,30,11,11,0,1.6554725170135498,16.837335205078148,83.51336966370523
7554,2014,11,11,18,30,0,0,0,1.3149096965789795,16.110253906250026,96.81081842216862
7555,2014,11,11,19,30,0,0,0,1.1469464302062988,15.5578552246094,110.44102856262084
7556,2014,11,11,20,30,0,0,0,1.1680498123168943,14.992456054687526,124.283863981791
7557,2014,11,11,21,30,0,0,0,1.324639081954956,14.40398559570315,138.2592615896805
7558,2014,11,11,22,30,0,0,0,1.4544935226440432,13.74431762695315,152.301643257894
7559,2014,11,11,23,30,0,0,0,1.5443930625915527,13.1180358886719,166.29836752760897
7560,2014,11,12,0,30,0,0,0,1.6460144519805908,12.53423461914065,177.09377904233628
7561,2014,11,12,1,30,0,0,0,1.7295780181884766,11.96196899414065,164.81434853693685
7562,2014,11,12,2,30,0,0,0,1.7392966747283936,11.69329223632815,150.80336991842668
7563,2014,11,12,3,30,0,0,0,1.6686646938323977,11.7996765136719,136.76989187036924
7564,2014,11,12,4,30,0,0,0,1.533602952957153,11.832116699218775,122.81318726293787
7565,2014,11,12,5,30,0,0,0,1.3888747692108154,11.6267028808594,108.99950156636534
7566,2014,11,12,6,30,0,0,0,1.2896980047225952,11.68804321289065,95.41285284848558
7567,2014,11,12,7,30,58,48,67,1.2191895246505735,12.599938964843775,82.1812508900856
7568,2014,11,12,8,30,249,141,310,1.1947245597839355,14.54021606445315,69.52425691942257
7569,2014,11,12,9,30,432,231,377,1.2793748378753662,17.418176269531273,57.82890518325786
7570,2014,11,12,10,30,701,102,893,1.4109133481979368,19.839257812500023,47.816687879046896
7571,2014,11,12,11,30,437,379,76,1.4735231399536133,21.168542480468773,40.75541695421651
7572,2014,11,12,12,30,261,248,16,1.4823217391967771,21.994989013671894,38.31745484073177
7573,2014,11,12,13,30,144,140,5,1.450885772705078,22.120568847656273,41.330279075329855
7574,2014,11,12,14,30,178,173,7,1.3765826225280762,21.631250000000023,48.792807703835706
7575,2014,11,12,15,30,416,211,398,1.281364679336548,20.828546142578148,59.03770655078514
7576,2014,11,12,16,30,298,71,692,1.1158196926116943,19.700769042968773,70.86345903120949
7577,2014,11,12,17,30,85,46,348,0.7613312005996704,18.499719238281273,83.59529987091527
7578,2014,11,12,18,30,0,0,0,0.5325839519500732,17.639154052734398,96.87162726884476
7579,2014,11,12,19,30,0,0,0,0.78590989112854,17.005456542968773,110.4851628384655
7580,2014,11,12,20,30,0,0,0,1.160148859024048,16.391107177734398,124.31491737798834
7581,2014,11,12,21,30,0,0,0,1.317741870880127,15.7183776855469,138.28084698093357
7582,2014,11,12,22,30,0,0,0,1.317650318145752,14.830651855468775,152.31943755470547
7583,2014,11,12,23,30,0,0,0,1.2514276504516602,13.841027832031275,166.33123275988547
7584,2014,11,13,0,30,0,0,0,1.139892578125,13.024621582031275,177.36089522902938
7585,2014,11,13,1,30,0,0,0,1.0093004703521729,12.3803649902344,164.90374599249097
7586,2014,11,13,2,30,0,0,0,0.9037922620773317,12.2205749511719,150.8820666035542
7587,2014,11,13,3,30,0,0,0,0.8563932180404663,12.355310058593775,136.8529723785095
7588,2014,11,13,4,30,0,0,0,0.926314115524292,12.1912780761719,122.90559951503995
7589,2014,11,13,5,30,0,0,0,1.0995324850082395,11.81731567382815,109.1044556534488
7590,2014,11,13,6,30,0,0,0,1.2897857427597046,11.7404724121094,95.53350553845124
7591,2014,11,13,7,30,48,45,25,1.4353004693984983,12.57586059570315,82.32138710226552
7592,2014,11,13,8,30,318,74,701,1.5632371902465818,14.29900512695315,69.68877950518505
7593,2014,11,13,9,30,532,91,831,1.7315214872360232,16.777124023437526,58.02369575370096
7594,2014,11,13,10,30,702,102,897,1.9733710289001465,18.792077636718773,48.046573470049935
7595,2014,11,13,11,30,809,107,929,2.220554113388061,19.644799804687523,41.016058218240154
7596,2014,11,13,12,30,842,109,938,2.3438830375671387,19.951989746093773,38.58263777504766
7597,2014,11,13,13,30,801,107,927,2.368407726287842,19.805657958984398,41.56282296252796
7598,2014,11,13,14,30,688,101,894,2.458603620529175,19.240075683593773,48.97655108888704
7599,2014,11,13,15,30,514,90,828,2.6957073211669917,18.147210693359398,59.17692964410674
7600,2014,11,13,16,30,299,71,699,2.9734368324279785,16.621545410156273,70.96752797454741
7601,2014,11,13,17,30,86,46,355,3.1881232261657715,14.7858825683594,83.67227855493005
7602,2014,11,13,18,30,0,0,0,3.3328261375427246,12.9710632324219,96.92749782802416
7603,2014,11,13,19,30,0,0,0,3.431422710418701,11.457482910156275,110.5242899591019
7604,2014,11,13,20,30,0,0,0,3.441270589828491,10.14434204101565,124.34077805681072
7605,2014,11,13,21,30,0,0,0,3.386126041412353,9.005761718750025,138.29684145868023
7606,2014,11,13,22,30,0,0,0,3.3076202869415283,8.078668212890648,152.33072591165225
7607,2014,11,13,23,30,0,0,0,3.175724983215332,7.411462402343773,166.35465053776105
7608,2014,11,14,0,30,0,0,0,3.0019493103027344,6.991143798828148,177.6232583791666
7609,2014,11,14,1,30,0,0,0,2.8044638633728027,6.738397216796898,164.9910956619393
7610,2014,11,14,2,30,0,0,0,2.5501999855041504,6.629663085937523,150.96101563321105
7611,2014,11,14,3,30,0,0,0,2.2496724128723145,6.640740966796898,136.93704623766644
7612,2014,11,14,4,30,0,0,0,1.9686751365661619,6.712670898437523,122.99928067894449
7613,2014,11,14,5,30,0,0,0,1.7012300491333008,6.865991210937523,109.21072550614531
7614,2014,11,14,6,30,0,0,0,1.4423786401748655,7.737481689453148,95.65535437273779
7615,2014,11,14,7,30,53,47,49,1.1600017547607422,10.729394531250025,82.46242762529762
7616,2014,11,14,8,30,185,151,99,1.0453107357025146,15.3008972167969,69.85368766551987
7617,2014,11,14,9,30,310,252,110,1.0015534162521362,19.265374755859398,58.21800776229091
7618,2014,11,14,10,30,709,102,911,0.8635772466659546,21.856195068359398,48.27460992230071
7619,2014,11,14,11,30,816,108,941,0.8548895120620728,23.371942138671894,41.272997392642935
7620,2014,11,14,12,30,849,110,949,0.939455270767212,24.142449951171894,38.84253733350555
7621,2014,11,14,13,30,807,108,937,1.0227339267730713,24.186212158203148,41.78961264543108
7622,2014,11,14,14,30,692,101,903,1.1067644357681274,23.491265869140648,49.154737678065594
7623,2014,11,14,15,30,517,90,835,1.179908275604248,22.175561523437523,59.31086692013106
7624,2014,11,14,16,30,299,71,703,1.310797929763794,20.527276611328148,71.06650334985234
7625,2014,11,14,17,30,85,46,356,1.7271795272827148,18.904473876953148,83.74427358710649
7626,2014,11,14,18,30,0,0,0,2.2804510593414307,17.485772705078148,96.97841862083523
7627,2014,11,14,19,30,0,0,0,2.600904941558838,16.099267578125026,110.55842051809151
7628,2014,11,14,20,30,0,0,0,2.596118927001953,14.52800903320315,124.36148203315985
7629,2014,11,14,21,30,0,0,0,2.3845844268798833,13.037072753906275,138.3073141670892
7630,2014,11,14,22,30,0,0,0,2.1351704597473145,11.961938476562526,152.33562976771583
7631,2014,11,14,23,30,0,0,0,1.867398738861084,11.3190856933594,166.36884420690657
7632,2014,11,15,0,30,0,0,0,1.5313327312469482,11.054589843750025,177.88077443784027
7633,2014,11,15,1,30,0,0,0,1.140273928642273,11.1141296386719,165.07656770606627
7634,2014,11,15,2,30,0,0,0,0.8842498064041138,11.3295837402344,151.04029833630057
7635,2014,11,15,3,30,0,0,0,0.8602683544158936,11.54131469726565,137.02214655088721
7636,2014,11,15,4,30,0,0,0,0.9688526391983032,11.584008789062526,123.09423110906856
7637,2014,11,15,5,30,0,0,0,1.1388853788375854,11.3091979980469,109.31828468528332
7638,2014,11,15,6,30,0,0,0,1.274142861366272,11.2801452636719,95.77834811820263
7639,2014,11,15,7,30,89,42,360,1.2924286127090454,12.892724609375026,82.60429646581375
7640,2014,11,15,8,30,314,74,703,1.336464524269104,16.176995849609398,70.0188802161219
7641,2014,11,15,9,30,529,91,836,1.3262488842010498,19.178033447265648,58.411716558443295
7642,2014,11,15,10,30,699,102,902,1.1672587394714355,21.256494140625023,48.500659579961614
7643,2014,11,15,11,30,807,107,933,1.0595890283584597,22.941125488281273,41.52610892655615
7644,2014,11,15,12,30,688,313,482,1.1109473705291748,23.899591064453148,39.0970554847465
7645,2014,11,15,13,30,800,107,932,1.2993221282958984,23.915307617187523,42.01056042352828
7646,2014,11,15,14,30,686,101,898,1.4726743698120115,23.251519775390648,49.327285754058046
7647,2014,11,15,15,30,512,90,831,1.540710687637329,21.921624755859398,59.439450832045075
7648,2014,11,15,16,30,297,70,699,1.5062743425369265,20.411828613281273,71.16033647617142
7649,2014,11,15,17,30,84,46,352,1.3920950889587402,19.290765380859398,83.81125662013872
7650,2014,11,15,18,30,0,0,0,1.2851661443710327,18.634698486328148,97.0243822405244
7651,2014,11,15,19,30,0,0,0,1.2609851360321045,18.193566894531273,110.58756951469748
7652,2014,11,15,20,30,0,0,0,1.3865925073623655,17.601647949218773,124.37707019067294
7653,2014,11,15,21,30,0,0,0,1.6596525907516482,16.991357421875026,138.31233995856516
7654,2014,11,15,22,30,0,0,0,1.949337720870972,16.365533447265648,152.33427858407998
7655,2014,11,15,23,30,0,0,0,2.167280912399292,15.5939880371094,166.3740605436126
7656,2014,11,16,0,30,0,0,0,2.3104825019836426,14.654138183593775,178.13333367998032
7657,2014,11,16,1,30,0,0,0,2.3837194442749023,13.74578247070315,165.16033355109153
7658,2014,11,16,2,30,0,0,0,2.303499460220337,13.1199890136719,151.11999356281117
7659,2014,11,16,3,30,0,0,0,2.1144042015075684,12.7838073730469,137.10830346252644
7660,2014,11,16,4,30,0,0,0,1.9359952211380005,12.631250000000026,123.19044810089537
7661,2014,11,16,5,30,0,0,0,1.7869458198547363,12.423730468750026,109.42710374648641
7662,2014,11,16,6,30,0,0,0,1.7390711307525637,12.2647644042969,95.90243273285769
7663,2014,11,16,7,30,86,42,352,1.8222593069076536,13.09026489257815,82.7469152114499
7664,2014,11,16,8,30,311,74,699,2.213427782058716,15.3238464355469,70.18425423958845
7665,2014,11,16,9,30,525,91,833,2.7981104850769043,18.121362304687523,58.60469685935514
7666,2014,11,16,10,30,695,101,900,3.1912565231323238,20.330499267578148,48.72458557110628
7667,2014,11,16,11,30,803,107,932,3.420418262481689,21.681237792968773,41.77526891650064
7668,2014,11,16,12,30,838,109,942,3.5957894325256348,22.269311523437523,39.34609572692053
7669,2014,11,16,13,30,798,107,932,3.7250008583068848,22.091058349609398,42.22558062512449
7670,2014,11,16,14,30,685,101,899,3.7609360218048096,21.428735351562523,49.494116361954596
7671,2014,11,16,15,30,512,90,833,3.6781940460205083,20.534631347656273,59.562617052941704
7672,2014,11,16,16,30,51,51,0,3.3732309341430664,19.340753173828148,71.24898221123627
7673,2014,11,16,17,30,84,46,356,3.1290271282196045,17.768518066406273,83.87320311627327
7674,2014,11,16,18,30,0,0,0,3.136327743530273,16.557366943359398,97.06538535669078
7675,2014,11,16,19,30,0,0,0,3.15397310256958,15.912866210937526,110.61175632210062
7676,2014,11,16,20,30,0,0,0,3.101863384246826,15.27385864257815,124.38758819345469
7677,2014,11,16,21,30,0,0,0,2.976402759552002,14.422937011718775,138.31199920053032
7678,2014,11,16,22,30,0,0,0,2.8159308433532715,13.4431091308594,152.32680937672956
7679,2014,11,16,23,30,0,0,0,2.6165180206298833,12.56047973632815,166.37056783735878
7680,2014,11,17,0,30,0,0,0,2.4075727462768555,11.786767578125026,178.3807982159784
7681,2014,11,17,1,30,0,0,0,2.206161975860596,11.096337890625025,165.24256536989375
7682,2014,11,17,2,30,0,0,0,2.0097718238830566,11.00859985351565,151.20017750858895
7683,2014,11,17,3,30,0,0,0,1.7481851577758791,11.319360351562526,137.19554406454097
7684,2014,11,17,4,30,0,0,0,1.4389069080352783,11.174401855468775,123.28792584420488
7685,2014,11,17,5,30,0,0,0,1.1446092128753662,10.761315917968775,109.53715023217168
7686,2014,11,17,6,30,0,0,0,0.8784424066543579,10.619531250000025,96.02755139472812
7687,2014,11,17,7,30,86,42,358,0.7292150259017944,11.5364929199219,82.89020309565464
7688,2014,11,17,8,30,314,74,714,0.7262551784515381,14.2695251464844,70.34970518186813
7689,2014,11,17,9,30,532,92,849,0.9898455142974854,18.328424072265648,58.79682286128149
7690,2014,11,17,10,30,703,102,914,1.5116935968399048,21.416131591796894,48.94625189598784
7691,2014,11,17,11,30,810,108,945,2.017855167388916,22.916406250000023,42.020355153892226
7692,2014,11,17,12,30,845,110,954,2.4257845878601074,23.750146484375023,39.589563143854974
7693,2014,11,17,13,30,803,107,942,2.7857704162597656,23.877893066406273,42.434589660169074
7694,2014,11,17,14,30,689,101,908,2.9814600944519043,23.414025878906273,49.6551533562661
7695,2014,11,17,15,30,514,90,840,2.9239351749420166,22.420007324218773,59.68030452322999
7696,2014,11,17,16,30,297,70,708,2.594874858856201,20.860467529296894,71.33239899198206
7697,2014,11,17,17,30,84,46,359,2.0671074390411377,19.163171386718773,83.93009237125227
7698,2014,11,17,18,30,0,0,0,1.5374218225479126,18.338403320312523,97.10142871400335
7699,2014,11,17,19,30,0,0,0,1.135457158088684,17.977105712890648,110.63100464862856
7700,2014,11,17,20,30,0,0,0,0.9180448055267334,17.166558837890648,124.3930863888043
7701,2014,11,17,21,30,0,0,0,0.8963876962661743,15.978356933593775,138.3063775696121
7702,2014,11,17,22,30,0,0,0,1.0538034439086914,14.730676269531275,152.3133662263557
7703,2014,11,17,23,30,0,0,0,1.3054134845733645,13.6464782714844,166.35865379779057
7704,2014,11,18,0,30,0,0,0,1.547091722488403,12.656396484375026,178.62297726534402
7705,2014,11,18,1,30,0,0,0,1.6842947006225586,11.776757812500026,165.32343556931366
7706,2014,11,18,2,30,0,0,0,1.6156166791915894,11.12810668945315,151.28092354377688
7707,2014,11,18,3,30,0,0,0,1.3213953971862793,10.75213012695315,137.2838923057379
7708,2014,11,18,4,30,0,0,0,0.8711191415786743,10.736535644531275,123.38665537964808
7709,2014,11,18,5,30,0,0,0,0.4702289700508118,11.113244628906275,109.64838866720291
7710,2014,11,18,6,30,0,0,0,0.4667279124259949,11.610437011718775,96.15364453422328
7711,2014,11,18,7,30,36,36,0,0.6845121383666992,12.66472778320315,83.03407706571737
7712,2014,11,18,8,30,238,132,316,0.4965678453445434,15.2717224121094,70.51512695056795
7713,2014,11,18,9,30,465,167,577,0.6344306468963623,18.857080078125023,58.98796835045799
7714,2014,11,18,10,30,609,255,540,1.264585256576538,21.400018310546894,49.165523514022595
7715,2014,11,18,11,30,639,343,399,1.646005153656006,22.611474609375023,42.26124717307986
7716,2014,11,18,12,30,660,368,380,1.9285537004470823,23.194299316406273,39.827364461502974
7717,2014,11,18,13,30,677,311,496,2.143126964569092,23.18978271484377,42.637506073069694
7718,2014,11,18,14,30,597,233,564,2.231600046157837,22.649896240234398,49.81032344730851
7719,2014,11,18,15,30,412,201,418,2.150820255279541,21.503350830078148,59.79245549618766
7720,2014,11,18,16,30,295,70,706,1.8991798162460327,19.986718750000023,71.4105488720955
7721,2014,11,18,17,30,78,78,0,1.4836556911468506,18.698175048828148,83.98190753415999
7722,2014,11,18,18,30,0,0,0,1.203297138214111,17.749169921875023,97.13251712541894
7723,2014,11,18,19,30,0,0,0,1.308409571647644,16.929193115234398,110.64534249194568
7724,2014,11,18,20,30,0,0,0,1.6583328247070312,15.9238220214844,124.39361970089894
7725,2014,11,18,21,30,0,0,0,2.0329020023345947,14.567956542968775,138.2955658338355
7726,2014,11,18,22,30,0,0,0,2.2796764373779297,13.04400024414065,152.29409976891253
7727,2014,11,18,23,30,0,0,0,2.3668441772460938,11.3129821777344,166.33862332864882
7728,2014,11,19,0,30,0,0,0,2.35029673576355,9.54973754882815,178.8595737491561
7729,2014,11,19,1,30,0,0,0,2.325038433074951,8.198693847656273,165.4031162855038
7730,2014,11,19,2,30,0,0,0,2.2466111183166504,7.571801757812523,151.36230204492816
7731,2014,11,19,3,30,0,0,0,2.1047277450561523,7.347558593750023,137.37336890402662
7732,2014,11,19,4,30,0,0,0,2.003824234008789,7.166741943359398,123.48662455871909
7733,2014,11,19,5,30,0,0,0,1.93294095993042,7.141748046875023,109.76078055837141
7734,2014,11,19,6,30,0,0,0,1.850242495536804,7.451806640625023,96.28064987044823
7735,2014,11,19,7,30,32,32,0,1.7414609193801882,8.605615234375023,83.17845185388295
7736,2014,11,19,8,30,251,121,392,1.6206049919128418,10.829003906250025,70.68041201495822
7737,2014,11,19,9,30,523,91,843,1.5220820903778076,13.692224121093775,59.17800681400317
7738,2014,11,19,10,30,693,101,909,1.3690741062164309,16.834344482421898,49.382266429838154
7739,2014,11,19,11,30,800,107,940,1.2156380414962769,19.638604736328148,42.49782630000727
7740,2014,11,19,12,30,835,109,948,1.2152535915374756,21.305078125000023,40.059408104616296
7741,2014,11,19,13,30,686,307,516,1.2700448036193848,21.791131591796894,42.834250595348934
7742,2014,11,19,14,30,559,268,452,1.280389428138733,21.339440917968773,49.959556246888255
7743,2014,11,19,15,30,268,228,80,1.3208581209182741,20.112420654296894,59.899015581631204
7744,2014,11,19,16,30,197,133,203,1.553424596786499,18.538537597656273,71.48339755640747
7745,2014,11,19,17,30,69,69,0,1.9544053077697756,17.035424804687526,84.02863562289352
7746,2014,11,19,18,30,0,0,0,2.2468485832214355,15.937951660156275,97.15865945986226
7747,2014,11,19,19,30,0,0,0,2.3416028022766118,15.1729675292969,110.65480208627865
7748,2014,11,19,20,30,0,0,0,2.296385765075684,14.451379394531275,124.38924751599501
7749,2014,11,19,21,30,0,0,0,2.1366133689880367,13.823449707031275,138.27965962426154
7750,2014,11,19,22,30,0,0,0,1.8957704305648804,13.397119140625026,152.2691666709985
7751,2014,11,19,23,30,0,0,0,1.6057748794555664,13.1813903808594,166.31079621173177
7752,2014,11,20,0,30,0,0,0,1.3405568599700928,13.130639648437526,179.0900548163319
7753,2014,11,20,1,30,0,0,0,1.180574893951416,13.201440429687526,165.48177888926472
7754,2014,11,20,2,30,0,0,0,1.1823986768722534,13.234826660156275,151.44438023083305
7755,2014,11,20,3,30,0,0,0,1.3542766571044922,13.095056152343775,137.46399126176794
7756,2014,11,20,4,30,0,0,0,1.6030783653259275,12.814294433593775,123.5878180072811
7757,2014,11,20,5,30,0,0,0,1.8256596326828003,12.395349121093775,109.87428439758928
7758,2014,11,20,6,30,0,0,0,1.965964913368225,12.37200317382815,96.4085024510248
7759,2014,11,20,7,30,18,18,0,1.9286532402038572,13.559655761718775,83.32324005141213
7760,2014,11,20,8,30,159,137,69,1.9622366428375244,16.213952636718773,70.84545150750216
7761,2014,11,20,9,30,268,232,71,2.142528772354126,18.768212890625023,59.366811550321074
7762,2014,11,20,10,30,334,299,55,2.211699962615967,19.968072509765648,49.59634777819
7763,2014,11,20,11,30,303,285,24,2.17594575881958,20.402246093750023,42.729975701326495
7764,2014,11,20,12,30,354,328,34,2.0974714756011963,20.410485839843773,40.28560425351702
7765,2014,11,20,13,30,438,370,92,2.0137808322906494,20.026269531250023,43.02474619805508
7766,2014,11,20,14,30,492,314,276,1.907105803489685,19.406854248046894,50.10278431309946
7767,2014,11,20,15,30,332,235,194,1.7770087718963623,18.690393066406273,59.9999337875982
7768,2014,11,20,16,30,272,77,616,1.5598032474517822,17.728143310546898,71.55091443214002
7769,2014,11,20,17,30,75,75,0,1.1983811855316162,16.641900634765648,84.07026753532931
7770,2014,11,20,18,30,0,0,0,0.739806592464447,15.822412109375026,97.17986862424543
7771,2014,11,20,19,30,0,0,0,0.3451875746250153,15.23772583007815,110.65941984286768
7772,2014,11,20,20,30,0,0,0,0.3507400751113892,14.63103637695315,124.38003355946556
7773,2014,11,20,21,30,0,0,0,0.692076563835144,14.014306640625026,138.2587591967741
7774,2014,11,20,22,30,0,0,0,1.0234832763671875,13.4582458496094,152.23872909352042
7775,2014,11,20,23,30,0,0,0,1.2865142822265625,12.953454589843775,166.27550474370952
7776,2014,11,21,0,30,0,0,0,1.4914121627807615,12.473229980468775,179.3132840843623
7777,2014,11,21,1,30,0,0,0,1.6125667095184326,12.0041442871094,165.55959350326532
7778,2014,11,21,2,30,0,0,0,1.6308224201202393,11.568688964843775,151.52722200208657
7779,2014,11,21,3,30,0,0,0,1.575385332107544,11.20171508789065,137.55577338433218
7780,2014,11,21,4,30,0,0,0,1.5015498399734497,10.883874511718775,123.69021709261708
7781,2014,11,21,5,30,0,0,0,1.4196579456329346,10.58526000976565,109.98885566893688
7782,2014,11,21,6,30,0,0,0,1.309704065322876,10.7945495605469,96.53713469565945
7783,2014,11,21,7,30,40,37,27,1.1356744766235352,12.856164550781275,83.46835218576794
7784,2014,11,21,8,30,190,142,146,1.0507878065109253,16.285729980468773,71.01013532706116
7785,2014,11,21,9,30,369,233,268,1.237958908081055,18.846765136718773,59.55425577936825
7786,2014,11,21,10,30,674,99,890,1.5149878263473509,20.004296875000023,49.80763590793581
7787,2014,11,21,11,30,312,293,26,1.7345846891403198,20.479364013671894,42.95758043401836
7788,2014,11,21,12,30,260,247,16,1.9524905681610107,20.447900390625023,40.50586490088246
7789,2014,11,21,13,30,375,338,50,2.205265045166016,19.755975341796894,43.20891814380361
7790,2014,11,21,14,30,489,300,295,2.3910117149353027,18.591180419921894,50.23994319420764
7791,2014,11,21,15,30,168,165,6,2.3479938507080083,17.557946777343773,60.09516255983375
7792,2014,11,21,16,30,180,135,144,2.1153011322021484,16.819665527343773,71.61307259675048
7793,2014,11,21,17,30,39,39,0,1.839901328086853,16.121270751953148,84.1067980559493
7794,2014,11,21,18,30,0,0,0,1.6292467117309568,15.5668884277344,97.19616153999976
7795,2014,11,21,19,30,0,0,0,1.5543200969696045,15.099084472656275,110.65923628372538
7796,2014,11,21,20,30,0,0,0,1.6447055339813232,14.50786743164065,124.36604576507544
7797,2014,11,21,21,30,0,0,0,1.895968437194824,13.734216308593775,138.2329691853813
7798,2014,11,21,22,30,0,0,0,2.2640399932861333,12.912866210937526,152.2029541474567
7799,2014,11,21,23,30,0,0,0,2.6351065635681152,12.13042602539065,166.2330913663692
7800,2014,11,22,0,30,0,0,0,2.811516761779785,11.6038757324219,179.5262081630966
7801,2014,11,22,1,30,0,0,0,2.7116708755493164,11.359094238281275,165.63672853211145
7802,2014,11,22,2,30,0,0,0,2.5088977813720703,11.036584472656275,151.61088778422584
7803,2014,11,22,3,30,0,0,0,2.3264718055725098,10.719201660156275,137.64872580173716
7804,2014,11,22,4,30,0,0,0,2.159639835357666,10.5784851074219,123.79379989414466
7805,2014,11,22,5,30,0,0,0,2.034456729888916,10.49651489257815,110.10444685967232
7806,2014,11,22,6,30,0,0,0,1.975714445114136,10.53716430664065,96.66647644346844
7807,2014,11,22,7,30,74,39,318,1.9226007461547847,11.341882324218775,83.61369680052617
7808,2014,11,22,8,30,297,72,696,1.9882287979125977,13.3019958496094,71.17435224337025
7809,2014,11,22,9,30,511,89,837,2.427739143371582,16.067956542968773,59.740212752396744
7810,2014,11,22,10,30,682,100,905,2.981696128845215,18.523248291015648,50.01600046502393
7811,2014,11,22,11,30,789,106,937,3.3829009532928467,20.224969482421894,43.180527495423725
7812,2014,11,22,12,30,824,107,945,3.724782466888428,21.446191406250023,40.72010390847997
7813,2014,11,22,13,30,784,105,933,4.0344486236572275,21.822869873046894,43.386694038335975
7814,2014,11,22,14,30,443,322,188,4.254164695739746,21.351007080078148,50.370971471439155
7815,2014,11,22,15,30,501,88,831,4.292126655578613,20.435601806640648,60.1846578191751
7816,2014,11,22,16,30,234,111,389,3.999907732009888,19.114923095703148,71.66984888252615
7817,2014,11,22,17,30,70,70,0,3.72296142578125,17.672753906250023,84.13822585816567
7818,2014,11,22,18,30,0,0,0,3.721935272216797,16.750512695312526,97.20755911407151
7819,2014,11,22,19,30,0,0,0,3.729537010192871,16.180108642578148,110.65429596893429
7820,2014,11,22,20,30,0,0,0,3.718350887298584,15.64275512695315,124.34735613699509
7821,2014,11,22,21,30,0,0,0,3.7020854949951167,14.9550720214844,138.20239834790735
7822,2014,11,22,22,30,0,0,0,3.682652473449707,14.209802246093775,152.1620133453369
7823,2014,11,22,23,30,0,0,0,3.656161785125733,13.6873718261719,166.18390632799853
7824,2014,11,23,0,30,0,0,0,3.6577308177948,13.046594238281275,179.71724498776894
7825,2014,11,23,1,30,0,0,0,3.661839246749878,12.4971862792969,165.71335020656892
7826,2014,11,23,2,30,0,0,0,3.5030782222747803,12.403161621093775,151.69543437446242
7827,2014,11,23,3,30,0,0,0,3.2204985618591313,12.29680786132815,137.7428554936476
7828,2014,11,23,4,30,0,0,0,2.900467872619629,12.028527832031275,123.89854117783405
7829,2014,11,23,5,30,0,0,0,2.5361030101776123,11.78692016601565,110.22100747499752
7830,2014,11,23,6,30,0,0,0,2.1854829788208012,11.71026000976565,96.79645500380596
7831,2014,11,23,7,30,76,38,346,2.0162611007690434,12.568872070312526,83.75918053820953
7832,2014,11,23,8,30,306,68,744,2.2041285037994385,14.747644042968775,71.33799000290495
7833,2014,11,23,9,30,528,84,885,2.4590167999267583,17.321862792968773,59.92455586134432
7834,2014,11,23,10,30,703,94,952,2.571455955505371,19.520989990234398,50.221312474586924
7835,2014,11,23,11,30,814,99,984,2.6808981895446777,21.228479003906273,43.39870587367328
7836,2014,11,23,12,30,851,100,993,2.828300952911377,22.278436279296894,40.92823706371736
7837,2014,11,23,13,30,810,98,982,3.0180959701538086,22.590447998046894,43.5580038814955
7838,2014,11,23,14,30,697,92,949,3.1548705101013184,22.277978515625023,50.495810800630075
7839,2014,11,23,15,30,521,82,886,3.1922621726989746,21.343072509765648,60.26837899662922
7840,2014,11,23,16,30,303,64,763,3.0431857109069824,19.578271484375023,71.72122387770865
7841,2014,11,23,17,30,87,43,441,2.889329433441162,17.277124023437526,84.1645535020384
7842,2014,11,23,18,30,0,0,0,2.8848233222961426,15.70391235351565,97.2140862043518
7843,2014,11,23,19,30,0,0,0,2.8667683601379395,14.924401855468775,110.64464741754671
7844,2014,11,23,20,30,0,0,0,2.8490219116210938,14.174523925781275,124.3240406048858
7845,2014,11,23,21,30,0,0,0,2.856064319610596,13.422998046875026,138.1671593053051
7846,2014,11,23,22,30,0,0,0,2.854622602462769,12.69243774414065,152.11608205174838
7847,2014,11,23,23,30,0,0,0,2.817389488220215,11.99944458007815,166.12830540921647
7848,2014,11,24,0,30,0,0,0,2.729971408843994,11.32122192382815,179.82298670118618
7849,2014,11,24,1,30,0,0,0,2.591846466064453,10.63640747070315,165.7896221426989
7850,2014,11,24,2,30,0,0,0,2.410159111022949,10.044946289062525,151.78091479207242
7851,2014,11,24,3,30,0,0,0,2.244974136352539,9.6353698730469,137.8381658176682
7852,2014,11,24,4,30,0,0,0,2.167778730392456,9.349877929687525,124.00441237441977
7853,2014,11,24,5,30,0,0,0,2.1777601242065434,9.20623168945315,110.3384840568875
7854,2014,11,24,6,30,0,0,0,2.228281259536743,9.62847290039065,96.92699521079979
7855,2014,11,24,7,30,30,30,0,2.222088575363159,11.665368652343775,83.90470822577146
7856,2014,11,24,8,30,194,135,184,2.1446974277496342,14.776391601562526,71.50093543600912
7857,2014,11,24,9,30,353,235,236,2.3449273109436035,17.971063232421898,60.10715874779107
7858,2014,11,24,10,30,412,325,137,2.6706771850585938,20.591760253906273,50.42344442217368
7859,2014,11,24,11,30,419,361,79,2.8078761100769043,22.184686279296894,43.6120065984609
7860,2014,11,24,12,30,539,402,181,2.908488273620605,23.070520019531273,41.13018213592984
7861,2014,11,24,13,30,521,380,194,2.9361886978149414,23.268060302734398,43.722780117487346
7862,2014,11,24,14,30,411,320,143,2.8133008480072017,22.975518798828148,50.61440595258521
7863,2014,11,24,15,30,310,233,155,2.604712963104248,22.022546386718773,60.34628906599251
7864,2014,11,24,16,30,155,132,74,2.3737497329711914,20.122918701171894,71.76718194401997
7865,2014,11,24,17,30,32,32,0,2.2632310390472408,17.667291259765648,84.185787427495
7866,2014,11,24,18,30,0,0,0,2.2275712490081787,15.914697265625026,97.21577157976871
7867,2014,11,24,19,30,0,0,0,2.1170485019683842,14.95769653320315,110.6303430224768
7868,2014,11,24,20,30,0,0,0,2.1836593151092534,14.266259765625026,124.29617887278202
7869,2014,11,24,21,30,0,0,0,2.508894920349121,13.751123046875026,138.12736827580014
7870,2014,11,24,22,30,0,0,0,2.8517539501190186,13.1046081542969,152.0653389363849
7871,2014,11,24,23,30,0,0,0,2.9934144020080566,12.394433593750026,166.0666477421479
7872,2014,11,25,0,30,0,0,0,2.8449907302856445,11.653771972656275,179.7315443774453
7873,2014,11,25,1,30,0,0,0,2.497332096099853,10.8707214355469,165.8657049164207
7874,2014,11,25,2,30,0,0,0,2.0490980148315434,10.370385742187525,151.8673781320764
7875,2014,11,25,3,30,0,0,0,1.5854039192199707,10.6041198730469,137.93465644094852
7876,2014,11,25,4,30,0,0,0,1.3282290697097778,11.080468750000025,124.11138156139046
7877,2014,11,25,5,30,0,0,0,1.3761343955993652,11.2029968261719,110.45682020676816
7878,2014,11,25,6,30,0,0,0,1.520336389541626,11.335351562500026,97.05801948147287
7879,2014,11,25,7,30,53,37,158,1.5072959661483765,12.2304626464844,84.05018296275004
7880,2014,11,25,8,30,237,113,392,1.4410675764083862,14.559289550781275,71.6630745650564
7881,2014,11,25,9,30,514,83,870,1.431011438369751,18.069268798828148,60.287895411323156
7882,2014,11,25,10,30,687,92,937,1.3784427642822266,21.075677490234398,50.62227033404104
7883,2014,11,25,11,30,797,97,970,1.303950548171997,22.81893310546877,43.82032279201351
7884,2014,11,25,12,30,663,339,431,1.2947025299072266,23.804254150390648,41.32585893230833
7885,2014,11,25,13,30,641,311,458,1.383114218711853,23.99471435546877,43.880957684324514
7886,2014,11,25,14,30,685,91,938,1.5872938632965088,23.35262451171877,50.72670485203747
7887,2014,11,25,15,30,513,81,875,2.047311782836914,21.811578369140648,60.41835457413283
7888,2014,11,25,16,30,298,63,751,2.81531286239624,19.322503662109398,71.80771123075237
7889,2014,11,25,17,30,85,42,429,3.638139247894287,16.235223388671898,84.2019379430818
7890,2014,11,25,18,30,0,0,0,4.2963595390319815,13.12212524414065,97.21264787491913
7891,2014,11,25,19,30,0,0,0,4.7897162437438965,10.498864746093775,110.61143895940636
7892,2014,11,25,20,30,0,0,0,4.912433624267578,8.923974609375025,124.26385426191848
7893,2014,11,25,21,30,0,0,0,4.721533298492432,8.265069580078148,138.083144804671
7894,2014,11,25,22,30,0,0,0,4.423171043395996,7.736657714843773,152.0099654323399
7895,2014,11,25,23,30,0,0,0,3.944007873535156,7.098962402343773,165.9992937467007
7896,2014,11,26,0,30,0,0,0,3.5251471996307373,6.443109130859398,179.55761510932805
7897,2014,11,26,1,30,0,0,0,3.3554928302764893,5.774682617187523,165.94175565361672
7898,2014,11,26,2,30,0,0,0,3.32172966003418,5.255670166015649,151.95486942247896
7899,2014,11,26,3,30,0,0,0,3.3471484184265137,5.046533203125024,138.03232327536517
7900,2014,11,26,4,30,0,0,0,3.408369541168213,5.018212890625024,124.21941344902358
7901,2014,11,26,5,30,0,0,0,3.47119688987732,4.930902099609399,110.57595661232357
7902,2014,11,26,6,30,0,0,0,3.486824512481689,4.987176513671899,97.1894478774132
7903,2014,11,26,7,30,73,38,345,3.335623979568481,6.583612060546898,84.19550621198674
7904,2014,11,26,8,30,310,69,774,3.2107529640197754,9.75469360351565,71.82429271377516
7905,2014,11,26,9,30,537,84,918,3.2038207054138184,12.920617675781275,60.466640317426844
7906,2014,11,26,10,30,716,94,985,3.2549891471862797,15.5895935058594,50.817665856646364
7907,2014,11,26,11,30,829,99,1015,3.455898761749268,17.653314208984398,44.0235497203425
7908,2014,11,26,12,30,866,100,1022,3.722874879837036,18.907067871093773,41.51518935336062
7909,2014,11,26,13,30,825,98,1010,3.991845607757568,19.278741455078148,44.03247406233275
7910,2014,11,26,14,30,711,92,978,4.19024658203125,18.853997802734398,50.832658615124814
7911,2014,11,26,15,30,534,82,917,4.286341190338135,17.650933837890648,60.48454566857861
7912,2014,11,26,16,30,313,64,799,4.211839675903319,15.319543457031275,71.84280368509202
7913,2014,11,26,17,30,92,43,493,4.177899360656738,12.23516235351565,84.21301921006584
7914,2014,11,26,18,30,0,0,0,4.2710723876953125,9.8904968261719,97.20475153947993
7915,2014,11,26,19,30,0,0,0,4.270398139953613,8.484552001953148,110.58799509010305
7916,2014,11,26,20,30,0,0,0,4.258148193359375,7.371270751953148,124.22715354841905
7917,2014,11,26,21,30,0,0,0,4.274675369262694,6.485650634765648,138.0346114911035
7918,2014,11,26,22,30,0,0,0,4.263901233673097,5.735467529296898,151.95014520282163
7919,2014,11,26,23,30,0,0,0,4.2391910552978525,5.037652587890649,165.92660320250968
7920,2014,11,27,0,30,0,0,0,4.222718238830566,4.299462890625024,179.37078496651264
7921,2014,11,27,1,30,0,0,0,4.216495990753174,3.5351806640625227,166.01792763584288
7922,2014,11,27,2,30,0,0,0,4.1348724365234375,2.8350769042968977,152.0434294847061
7923,2014,11,27,3,30,0,0,0,4.0001139640808105,2.2556091308593977,138.13115841612034
7924,2014,11,27,4,30,0,0,0,3.952991962432861,1.8235717773437727,124.3284693703214
7925,2014,11,27,5,30,0,0,0,4.003061294555663,1.5938049316406475,110.69583107823289
7926,2014,11,27,6,30,0,0,0,4.092370510101318,1.9935546875000227,97.3211981700004
7927,2014,11,27,7,30,73,39,348,4.064429759979248,3.866387939453148,84.340577892652
7928,2014,11,27,8,30,312,69,786,3.9848899841308594,7.087304687500023,71.98447461736066
7929,2014,11,27,9,30,540,84,929,4.1888513565063485,10.801904296875025,60.643268504742956
7930,2014,11,27,10,30,718,94,993,4.553303241729736,14.2181335449219,51.0095083352881
7931,2014,11,27,11,30,830,99,1021,4.68895149230957,16.760858154296898,44.22158484454213
7932,2014,11,27,12,30,866,100,1026,4.540533065795898,18.313256835937523,41.6980974477986
7933,2014,11,27,13,30,824,98,1013,4.294479370117188,18.924798583984398,44.17726932163758
7934,2014,11,27,14,30,615,192,670,4.1351709365844735,18.659082031250023,50.93222158532291
7935,2014,11,27,15,30,466,116,711,4.1341400146484375,17.381799316406273,60.54483612263505
7936,2014,11,27,16,30,272,90,586,4.187883377075194,14.705590820312526,71.872455058855
7937,2014,11,27,17,30,69,69,0,4.3950157165527335,11.062707519531275,84.21904922210005
7938,2014,11,27,18,30,0,0,0,4.6207427978515625,8.202661132812523,97.19212278236307
7939,2014,11,27,19,30,0,0,0,4.580190658569336,6.557702636718773,110.56007486026812
7940,2014,11,27,20,30,0,0,0,4.452821731567383,5.440698242187524,124.18616679598763
7941,2014,11,27,21,30,0,0,0,4.326547145843507,4.583581542968774,137.98189371293972
7942,2014,11,27,22,30,0,0,0,4.181656837463379,3.7801452636718977,151.88606361862054
7943,2014,11,27,23,30,0,0,0,3.9996609687805176,3.4544616699218977,165.84893347013968
7944,2014,11,28,0,30,0,0,0,3.7829804420471187,3.685235595703148,179.18361174093616
7945,2014,11,28,1,30,0,0,0,3.665192604064941,4.010095214843774,166.09436992147087
7946,2014,11,28,2,30,0,0,0,3.4893245697021484,3.8839050292968977,152.1330947972981
7947,2014,11,28,3,30,0,0,0,3.2207813262939453,3.2014404296875227,138.23115008398156
7948,2014,11,28,4,30,0,0,0,2.995668649673462,2.5940185546875227,124.43850727505918
7949,2014,11,28,5,30,0,0,0,2.786623477935791,2.0842224121093977,110.8163785609568
7950,2014,11,28,6,30,0,0,0,2.6446046829223637,1.960626220703148,97.45318590907988
7951,2014,11,28,7,30,44,34,110,2.347232818603516,3.759912109375023,84.48529647580347
7952,2014,11,28,8,30,196,132,206,1.940313577651977,7.904321289062523,72.14350453364621
7953,2014,11,28,9,30,514,82,886,1.6132514476776123,13.19829711914065,60.81765569174942
7954,2014,11,28,10,30,536,274,418,1.2273674011230469,18.074884033203148,51.197676891869975
7955,2014,11,28,11,30,635,298,472,0.8285496234893799,21.525659179687523,44.414327872161714
7956,2014,11,28,12,30,681,326,475,0.6404242515563965,23.487573242187523,41.874509466753565
7957,2014,11,28,13,30,801,96,984,0.7270175218582153,23.992608642578148,44.31528616848225
7958,2014,11,28,14,30,690,90,953,0.8459545373916626,23.316094970703148,51.02535136761895
7959,2014,11,28,15,30,517,80,890,0.8651593923568726,21.794000244140648,60.5992033576787
7960,2014,11,28,16,30,228,112,375,1.1029869318008425,19.444299316406273,71.8966649114744
7961,2014,11,28,17,30,77,77,0,1.6786818504333496,16.789361572265648,84.22004978033596
7962,2014,11,28,18,30,0,0,0,2.2580890655517583,14.807702636718775,97.17480551085356
7963,2014,11,28,19,30,0,0,0,2.609265089035034,13.13970336914065,110.52774519230745
7964,2014,11,28,20,30,0,0,0,2.7471671104431152,11.308862304687526,124.14098718440607
7965,2014,11,28,21,30,0,0,0,2.748866319656372,9.762719726562525,137.92511935038158
7966,2014,11,28,22,30,0,0,0,2.6519131660461426,8.751794433593773,151.81790724865746
7967,2014,11,28,23,30,0,0,0,2.4822421073913574,8.174310302734398,165.76663787019424
7968,2014,11,29,0,30,0,0,0,2.2787184715271,7.806634521484398,178.99931096920966
7969,2014,11,29,1,30,0,0,0,2.0549120903015137,7.545831298828148,166.17122698152656
7970,2014,11,29,2,30,0,0,0,1.759801149368286,7.322442626953148,152.22389736274323
7971,2014,11,29,3,30,0,0,0,1.3974250555038452,7.123590087890648,138.33228257116116
7972,2014,11,29,4,30,0,0,0,1.078182816505432,6.958093261718773,124.54948172794987
7973,2014,11,29,5,30,0,0,0,0.856184184551239,6.807336425781273,110.937531207669
7974,2014,11,29,6,30,0,0,0,0.6916447877883911,6.986901855468773,97.58532449517979
7975,2014,11,29,7,30,7,7,0,0.5372200608253479,8.634088134765648,84.62955908196555
7976,2014,11,29,8,30,200,124,250,0.5651929974555969,12.140283203125026,72.30126635488074
7977,2014,11,29,9,30,371,216,318,0.9997767806053162,16.126641845703148,60.989678382724286
7978,2014,11,29,10,30,398,316,131,1.5357362031936646,19.033715820312523,51.38205250185754
7979,2014,11,29,11,30,418,358,84,1.9053788185119631,20.677392578125023,44.601680808543904
7980,2014,11,29,12,30,581,388,259,2.137666940689087,21.705529785156273,42.044353917220135
7981,2014,11,29,13,30,648,299,489,2.2584328651428223,22.027978515625023,44.446469990295
7982,2014,11,29,14,30,442,316,200,2.2848129272460938,21.583367919921894,51.11200886097869
7983,2014,11,29,15,30,504,79,868,2.1917567253112797,20.522637939453148,60.64762846275998
7984,2014,11,29,16,30,293,61,747,2.0206103324890137,18.654962158203148,71.91543660920084
7985,2014,11,29,17,30,84,41,431,1.8104510307312007,16.302362060546898,84.2160464640508
7986,2014,11,29,18,30,0,0,0,1.6096720695495603,14.672265625000026,97.15284726474995
7987,2014,11,29,19,30,0,0,0,1.4200539588928225,13.8074890136719,110.49107637320198
7988,2014,11,29,20,30,0,0,0,1.3017653226852417,12.985864257812526,124.09171083421113
7989,2014,11,29,21,30,0,0,0,1.3233895301818848,12.2403503417969,137.8644185097209
7990,2014,11,29,22,30,0,0,0,1.4344196319580078,11.539880371093775,151.74586336572102
7991,2014,11,29,23,30,0,0,0,1.5617417097091677,10.84990844726565,165.6800642248462
7992,2014,11,30,0,30,0,0,0,1.65822172164917,10.186608886718775,178.81904009912108
7993,2014,11,30,1,30,0,0,0,1.707566499710083,9.564965820312525,166.24863834972854
7994,2014,11,30,2,30,0,0,0,1.7459685802459717,9.017663574218775,152.31586457729318
7995,2014,11,30,3,30,0,0,0,1.8226919174194336,8.569085693359398,138.43453619101294
7996,2014,11,30,4,30,0,0,0,1.9313899278640747,8.226800537109398,124.66134391108744
7997,2014,11,30,5,30,0,0,0,2.0235986709594727,7.972070312500023,111.05921839922712
7998,2014,11,30,6,30,0,0,0,2.0603084564208984,8.210839843750023,97.7175252550988
7999,2014,11,30,7,30,59,34,275,1.954348087310791,10.416589355468775,84.77326158087075
8000,2014,11,30,8,30,278,64,708,1.700289964675903,14.384973144531275,72.45764372022802
8001,2014,11,30,9,30,492,80,855,1.6416382789611816,18.128411865234398,61.15921397300002
8002,2014,11,30,10,30,664,89,925,1.7684736251831057,20.644616699218773,51.56251807037828
8003,2014,11,30,11,30,775,94,959,1.8477728366851809,22.075830078125023,44.783548008043105
8004,2014,11,30,12,30,815,96,971,1.9064397811889648,22.873712158203148,42.20756161462498
8005,2014,11,30,13,30,781,94,964,1.9339867830276491,23.075402832031273,44.570768899376354
8006,2014,11,30,14,30,675,88,935,1.902068018913269,22.67855224609377,51.19215828885804
8007,2014,11,30,15,30,507,78,874,1.8136658668518064,21.615838623046894,60.690096211364896
8008,2014,11,30,16,30,295,61,755,1.7048603296279907,19.772790527343773,71.92877732062547
8009,2014,11,30,17,30,86,41,442,1.6065692901611328,17.473809814453148,84.20706859684059
8010,2014,11,30,18,30,0,0,0,1.579648494720459,15.8641296386719,97.12629914568234
8011,2014,11,30,19,30,0,0,0,1.709813356399536,14.99041137695315,110.45014193780425
8012,2014,11,30,20,30,0,0,0,1.9071648120880127,14.063562011718775,124.03843662811848
8013,2014,11,30,21,30,0,0,0,1.9827357530593872,13.068872070312526,137.79992324794122
8014,2014,11,30,22,30,0,0,0,1.9980483055114744,12.081933593750026,151.67011946909486
8015,2014,11,30,23,30,0,0,0,2.1031208038330083,11.1260925292969,165.58955356243513
8016,2014,12,1,0,30,0,0,0,2.309237480163574,10.215295410156275,178.64331293026527
8017,2014,12,1,1,30,0,0,0,2.5423707962036133,9.3718200683594,166.32673828570395
8018,2014,12,1,2,30,0,0,0,2.6719870567321777,8.760614013671898,152.40901910388868
8019,2014,12,1,3,30,0,0,0,2.6833367347717285,8.8293395996094,138.53788723158607
8020,2014,12,1,4,30,0,0,0,2.632543563842773,9.275292968750025,124.77404163069872
8021,2014,12,1,5,30,0,0,0,2.5559630393981934,9.1663757324219,111.18136679726368
8022,2014,12,1,6,30,0,0,0,2.500683307647705,9.00750122070315,97.84969752082752
8023,2014,12,1,7,30,58,34,275,2.400317668914795,9.968164062500025,84.91629869304452
8024,2014,12,1,8,30,281,64,724,2.3274688720703125,12.323022460937526,72.61252012894944
8025,2014,12,1,9,30,499,80,873,2.287421464920044,15.85552368164065,61.32614085356005
8026,2014,12,1,10,30,674,89,943,2.205584526062012,19.425042724609398,51.73895850745385
8027,2014,12,1,11,30,786,94,976,2.1867995262146,21.823175048828148,44.95983622503638
8028,2014,12,1,12,30,825,96,987,2.2929906845092773,22.926782226562523,42.36406573439288
8029,2014,12,1,13,30,789,94,977,2.4997482299804688,23.057611083984398,44.68813377514737
8030,2014,12,1,14,30,681,88,946,2.7667269706726074,22.466821289062523,51.26576722784716
8031,2014,12,1,15,30,511,78,884,3.0949370861053467,21.161706542968773,60.7265950752489
8032,2014,12,1,16,30,297,61,763,3.4918322563171387,18.939813232421894,71.93669800823591
8033,2014,12,1,17,30,86,41,450,3.993666172027588,16.081140136718773,84.19314920834314
8034,2014,12,1,18,30,0,0,0,4.40133810043335,13.8508239746094,97.09521574183195
8035,2014,12,1,19,30,0,0,0,4.500712394714356,12.65361938476565,110.40501854793531
8036,2014,12,1,20,30,0,0,0,4.402419567108153,11.869165039062526,123.98126602984901
8037,2014,12,1,21,30,0,0,0,4.227461814880371,11.5875183105469,137.73176729920633
8038,2014,12,1,22,30,0,0,0,4.038576126098634,11.66436157226565,151.59086282552857
8039,2014,12,1,23,30,0,0,0,3.92341423034668,11.5445495605469,165.49543898233782
8040,2014,12,2,0,30,0,0,0,3.9084796905517583,11.199914550781275,178.47238973264749
8041,2014,12,2,1,30,0,0,0,3.9517698287963863,10.811608886718775,166.40565545018748
8042,2014,12,2,2,30,0,0,0,3.9472467899322514,10.46782836914065,152.50337874777375
8043,2014,12,2,3,30,0,0,0,3.858810424804688,10.0899597167969,138.64230791305474
8044,2014,12,2,4,30,0,0,0,3.746728897094727,9.6809020996094,124.88751932819923
8045,2014,12,2,5,30,0,0,0,3.5837936401367188,9.08880004882815,111.3039003954303
8046,2014,12,2,6,30,0,0,0,3.3791542053222656,8.559259033203148,97.98174871193248
8047,2014,12,2,7,30,56,26,346,3.1975722312927246,9.501062011718775,85.05856815446627
8048,2014,12,2,8,30,280,64,729,3.163383960723877,11.789208984375026,72.76577905387006
8049,2014,12,2,9,30,500,80,881,3.2242507934570312,14.230920410156275,61.49033851464597
8050,2014,12,2,10,30,676,89,952,3.1702475547790527,16.508508300781273,51.91126080229179
8051,2014,12,2,11,30,790,94,986,2.9498839378356934,18.358666992187523,45.1304546645791
8052,2014,12,2,12,30,831,96,997,2.674166679382324,19.620996093750023,42.51380186243558
8053,2014,12,2,13,30,795,94,988,2.442387580871582,20.167779541015648,44.798518304813136
8054,2014,12,2,14,30,687,88,958,2.2724297046661377,19.954339599609398,51.33280663421381
8055,2014,12,2,15,30,517,78,898,2.1797590255737305,18.958062744140648,60.75711723541898
8056,2014,12,2,16,30,302,61,779,2.258397102355957,17.020837402343773,71.93921341633919
8057,2014,12,2,17,30,89,41,470,2.6634888648986816,14.464929199218775,84.17432499170766
8058,2014,12,2,18,30,0,0,0,3.1603515148162837,12.4688659667969,97.05965504804873
8059,2014,12,2,19,30,0,0,0,3.3958420753479004,11.17449340820315,110.35578586742764
8060,2014,12,2,20,30,0,0,0,3.4027690887451167,10.0240417480469,123.92030290056098
8061,2014,12,2,21,30,0,0,0,3.330697774887085,9.1070495605469,137.66008580390252
8062,2014,12,2,22,30,0,0,0,3.170938730239868,8.693322753906273,151.50828002984645
8063,2014,12,2,23,30,0,0,0,2.822342157363892,8.685662841796898,165.39804467482676
8064,2014,12,3,0,30,0,0,0,2.4296088218688965,8.570550537109398,178.30641317559292
8065,2014,12,3,1,30,0,0,0,2.1421914100646973,8.323266601562523,166.4855125911604
8066,2014,12,3,2,30,0,0,0,1.9877755641937256,8.055078125000023,152.5989563350609
8067,2014,12,3,3,30,0,0,0,1.9559946060180664,7.696588134765648,138.7477663493151
8068,2014,12,3,4,30,0,0,0,1.9393557310104368,7.245141601562523,125.0017180958166
8069,2014,12,3,5,30,0,0,0,1.892812728881836,6.858666992187523,111.4267405747784
8070,2014,12,3,6,30,0,0,0,1.8000779151916504,6.824731445312523,98.11358442105775
8071,2014,12,3,7,30,55,27,341,1.6596051454544067,7.744500732421898,85.19995380748
8072,2014,12,3,8,30,281,66,732,1.4970717430114746,10.1076599121094,72.91730405548104
8073,2014,12,3,9,30,503,82,885,1.3674471378326416,13.63811645507815,61.65168764869631
8074,2014,12,3,10,30,679,92,955,1.3383829593658447,17.173272705078148,52.07931409669162
8075,2014,12,3,11,30,793,97,988,1.3149700164794922,19.690423583984398,45.295315032736724
8076,2014,12,3,12,30,833,99,997,1.184431076049805,21.159417724609398,42.656708044444606
8077,2014,12,3,13,30,796,97,987,1.018046736717224,21.797906494140648,44.9018790223614
8078,2014,12,3,14,30,688,91,956,0.958344340324402,21.662103271484398,51.393250868345525
8079,2014,12,3,15,30,517,81,893,1.1189271211624146,20.602593994140648,60.78165859006332
8080,2014,12,3,16,30,302,63,771,1.6352965831756592,18.441339111328148,71.93634205509322
8081,2014,12,3,17,30,88,43,448,2.3946919441223145,15.6313415527344,84.15063625672448
8082,2014,12,3,18,30,0,0,0,3.0137009620666504,13.361291503906275,97.01967838158687
8083,2014,12,3,19,30,0,0,0,3.352715015411377,11.68425903320315,110.30252643347129
8084,2014,12,3,20,30,0,0,0,3.4997544288635254,10.141809082031275,123.85565331369392
8085,2014,12,3,21,30,0,0,0,3.5211608409881587,8.97905883789065,137.5850150410653
8086,2014,12,3,22,30,0,0,0,3.429598331451416,8.198815917968773,151.42255658593888
8087,2014,12,3,23,30,0,0,0,3.1974081993103027,7.924768066406273,165.2976850883739
8088,2014,12,4,0,30,0,0,0,2.8080615997314453,7.979547119140648,178.1454639354063
8089,2014,12,4,1,30,0,0,0,2.412376880645752,7.864038085937523,166.56642623919356
8090,2014,12,4,2,30,0,0,0,2.0989031791687007,7.752008056640648,152.69575959405609
8091,2014,12,4,3,30,0,0,0,1.7874572277069092,7.719110107421898,138.85422651377414
8092,2014,12,4,4,30,0,0,0,1.4684171676635742,7.585198974609398,125.11657569677674
8093,2014,12,4,5,30,0,0,0,1.1923003196716309,7.413232421875023,111.549806163355
8094,2014,12,4,6,30,0,0,0,1.0068237781524658,7.428094482421898,98.24510850280524
8095,2014,12,4,7,30,52,26,322,0.8860872983932495,8.578027343750023,85.34035191089873
8096,2014,12,4,8,30,272,65,712,0.7381492853164673,11.795373535156275,73.06697889620798
8097,2014,12,4,9,30,490,81,866,0.4728242754936218,16.455682373046898,61.81007025234675
8098,2014,12,4,10,30,666,91,939,0.4557204246520996,20.203179931640648,52.243009757579614
8099,2014,12,4,11,30,780,96,974,0.6956750750541687,22.106072998046894,45.45433158640381
8100,2014,12,4,12,30,821,98,985,0.7878830432891846,23.093957519531273,42.79272483389559
8101,2014,12,4,13,30,787,96,976,0.7868438363075256,23.457666015625023,44.99817534579111
8102,2014,12,4,14,30,680,91,946,0.8210539817810059,23.066644287109398,51.44707771699268
8103,2014,12,4,15,30,512,80,884,0.9545299410820008,21.832635498046894,60.80021875945885
8104,2014,12,4,16,30,299,63,762,1.253054141998291,19.743920898437523,71.9281061806503
8105,2014,12,4,17,30,87,42,440,1.6419148445129397,17.137384033203148,84.12212687863746
8106,2014,12,4,18,30,0,0,0,1.8478091955184937,15.19011840820315,96.97535029385745
8107,2014,12,4,19,30,0,0,0,1.8144826889038088,13.97283325195315,110.24532552481077
8108,2014,12,4,20,30,0,0,0,1.6964285373687744,12.810754394531275,123.78742536870884
8109,2014,12,4,21,30,0,0,0,1.6213517189025881,11.8662048339844,137.50669216514993
8110,2014,12,4,22,30,0,0,0,1.6770950555801392,11.198449707031275,151.333876509294
8111,2014,12,4,23,30,0,0,0,1.888826608657837,10.6431823730469,165.19466423553712
8112,2014,12,5,0,30,0,0,0,2.1317620277404785,10.053002929687525,177.98958623034383
8113,2014,12,5,1,30,0,0,0,2.29727554321289,9.4569030761719,166.64850641068492
8114,2014,12,5,2,30,0,0,0,2.384077548980713,8.91643676757815,152.7937910391616
8115,2014,12,5,3,30,0,0,0,2.390366315841675,8.390588378906273,138.96164820933092
8116,2014,12,5,4,30,0,0,0,2.314958095550537,7.866448974609398,125.23202659000248
8117,2014,12,5,5,30,0,0,0,2.1825108528137207,7.408135986328148,111.67301349983452
8118,2014,12,5,6,30,0,0,0,2.0445797443389893,7.473992919921898,98.37622316565029
8119,2014,12,5,7,30,49,25,309,1.8515939712524412,9.3745056152344,85.47965376679433
8120,2014,12,5,8,30,267,64,702,1.5286619663238523,12.754113769531275,73.21468765496327
8121,2014,12,5,9,30,483,80,857,1.177621603012085,17.188470458984398,61.965369727419926
8122,2014,12,5,10,30,657,90,930,0.8648795485496521,21.265405273437523,52.40224144842926
8123,2014,12,5,11,30,771,95,965,0.5645405054092407,23.529931640625023,45.6074211825034
8124,2014,12,5,12,30,812,97,977,0.3087617754936218,24.808129882812523,42.9217953386296
8125,2014,12,5,13,30,779,95,968,0.3467769920825958,25.063134765625023,45.08736961253098
8126,2014,12,5,14,30,674,90,938,0.7719466686248779,24.339379882812523,51.4942684132811
8127,2014,12,5,15,30,507,80,876,1.3665735721588137,22.895684814453148,60.81280108791971
8128,2014,12,5,16,30,297,62,755,1.966136693954468,20.670617675781273,71.91453177172944
8129,2014,12,5,17,30,87,42,435,2.481487989425659,17.976586914062523,84.08884424306335
8130,2014,12,5,18,30,0,0,0,2.8886229991912837,15.84929809570315,96.92673847796672
8131,2014,12,5,19,30,0,0,0,3.1789045333862305,14.25530395507815,110.18427102668615
8132,2014,12,5,20,30,0,0,0,3.380298137664795,12.707421875000026,123.71572900396852
8133,2014,12,5,21,30,0,0,0,3.5190153121948238,11.446435546875026,137.42525494742085
8134,2014,12,5,22,30,0,0,0,3.5476951599121094,11.06951293945315,151.24242195096468
8135,2014,12,5,23,30,0,0,0,3.414536952972412,11.305993652343775,165.08927512694828
8136,2014,12,6,0,30,0,0,0,3.24287748336792,11.232385253906275,177.8388005914015
8137,2014,12,6,1,30,0,0,0,3.1694607734680176,10.940270996093775,166.73185631714688
8138,2014,12,6,2,30,0,0,0,3.0678284168243413,10.675683593750025,152.8930478577309
8139,2014,12,6,3,30,0,0,0,2.9835896492004395,10.483361816406275,139.0699870430293
8140,2014,12,6,4,30,0,0,0,2.9281697273254395,10.35210571289065,125.34800195975977
8141,2014,12,6,5,30,0,0,0,2.8096766471862797,10.172448730468775,111.79627650154094
8142,2014,12,6,6,30,0,0,0,2.7158660888671875,10.103967285156275,98.50682906706726
8143,2014,12,6,7,30,48,24,309,2.577565670013428,10.835412597656275,85.61775005740763
8144,2014,12,6,8,30,267,64,711,2.466296911239624,12.713708496093775,73.3603148418088
8145,2014,12,6,9,30,335,215,255,2.4715890884399414,15.33147583007815,62.11747098099502
8146,2014,12,6,10,30,660,90,938,2.5534567832946777,18.074334716796894,52.55690519970718
8147,2014,12,6,11,30,773,95,971,2.6649279594421387,20.301812744140648,45.754503326503254
8148,2014,12,6,12,30,813,97,979,2.7655200958251958,21.670404052734398,43.043865265963724
8149,2014,12,6,13,30,777,95,968,2.91941499710083,22.160241699218773,45.16942711286322
8150,2014,12,6,14,30,671,89,934,3.158522844314575,21.844079589843773,51.534807654360144
8151,2014,12,6,15,30,503,79,869,3.494990348815918,20.757653808593773,60.81941264251958
8152,2014,12,6,16,30,293,62,745,3.8437232971191406,18.749444580078148,71.89564850215908
8153,2014,12,6,17,30,85,41,421,4.200353145599365,16.246759033203148,84.05083918657856
8154,2014,12,6,18,30,0,0,0,4.5229105949401855,14.42217407226565,96.87391367265987
8155,2014,12,6,19,30,0,0,0,4.6234235763549805,13.478662109375026,110.1194532932675
8156,2014,12,6,20,30,0,0,0,4.544576644897461,12.96441040039065,123.64067580947471
8157,2014,12,6,21,30,0,0,0,4.3774380683898935,12.70684204101565,137.34084152281642
8158,2014,12,6,22,30,0,0,0,4.091354370117188,12.6221862792969,151.14837284376998
8159,2014,12,6,23,30,0,0,0,3.728425025939941,12.607568359375026,164.98179932296472
8160,2014,12,7,0,30,0,0,0,3.424967765808105,12.49712524414065,177.69311066398856
8161,2014,12,7,1,30,0,0,0,3.2526836395263667,12.264550781250026,166.8165720785466
8162,2014,12,7,2,30,0,0,0,3.1231784820556636,11.97161254882815,152.99352179929713
8163,2014,12,7,3,30,0,0,0,2.9966607093811035,11.65398559570315,139.1791944051156
8164,2014,12,7,4,30,0,0,0,2.9226560592651367,11.32268676757815,125.46442974991
8165,2014,12,7,5,30,0,0,0,2.8852579593658447,10.979028320312525,111.91950673644439
8166,2014,12,7,6,30,0,0,0,2.8634624481201167,10.73076782226565,98.63682541164516
8167,2014,12,7,7,30,45,23,290,2.931117534637451,11.272729492187526,85.75453095947498
8168,2014,12,7,8,30,259,63,692,3.010780334472656,13.14275512695315,73.50374551256584
8169,2014,12,7,9,30,475,79,851,2.8949174880981445,15.495507812500026,62.266260524307604
8170,2014,12,7,10,30,650,89,927,2.683164119720459,17.604608154296898,52.706899478257846
8171,2014,12,7,11,30,765,94,963,2.551180124282837,19.377465820312523,45.8955002201796
8172,2014,12,7,12,30,807,96,975,2.528733730316162,20.523309326171894,43.15888296619026
8173,2014,12,7,13,30,775,94,967,2.6014540195465092,20.897790527343773,45.24431612137927
8174,2014,12,7,14,30,672,89,937,2.737410068511963,20.530175781250023,51.56868361671686
8175,2014,12,7,15,30,506,79,876,2.9081547260284424,19.425439453125023,60.820064208833294
8176,2014,12,7,16,30,297,61,757,3.0410475730896,17.451501464843773,71.87148970988036
8177,2014,12,7,17,30,87,41,439,3.251594066619873,14.932397460937526,84.00816593357666
8178,2014,12,7,18,30,0,0,0,3.5230622291564937,12.991845703125026,96.8169495624848
8179,2014,12,7,19,30,0,0,0,3.6319212913513184,11.848291015625026,110.0509650075172
8180,2014,12,7,20,30,0,0,0,3.6626229286193848,10.928369140625025,123.56237883977198
8181,2014,12,7,21,30,0,0,0,3.6679916381835938,10.180993652343775,137.25359014282947
8182,2014,12,7,22,30,0,0,0,3.558642864227295,9.934777832031275,151.05190657056298
8183,2014,12,7,23,30,0,0,0,3.3420801162719727,10.011132812500025,164.87250659174327
8184,2014,12,8,0,30,0,0,0,3.188446521759033,9.8884216308594,177.5525069924937
8185,2014,12,8,1,30,0,0,0,3.1529858112335205,9.629418945312525,166.90274243915212
8186,2014,12,8,2,30,0,0,0,3.080732583999634,9.3986755371094,153.09519906780992
8187,2014,12,8,3,30,0,0,0,2.977954387664795,9.1938415527344,139.2892174530173
8188,2014,12,8,4,30,0,0,0,2.938490390777588,8.946984863281275,125.58123470326952
8189,2014,12,8,5,30,0,0,0,2.9477171897888184,8.698571777343773,112.04261349954122
8190,2014,12,8,6,30,0,0,0,2.9884350299835205,8.624414062500023,98.7661100522157
8191,2014,12,8,7,30,44,23,291,3.1848936080932617,9.28252563476565,85.88988626019166
8192,2014,12,8,8,30,260,63,702,3.4198155403137207,11.0212341308594,73.64486538358614
8193,2014,12,8,9,30,166,160,12,3.586586236953736,13.4558044433594,62.4116265707479
8194,2014,12,8,10,30,357,297,98,3.759421348571777,15.83635864257815,52.85212525554881
8195,2014,12,8,11,30,768,94,971,3.9115452766418457,17.643273925781273,46.03033680842517
8196,2014,12,8,12,30,811,96,982,4.050007343292236,18.784600830078148,43.266799474376526
8197,2014,12,8,13,30,780,94,975,4.133409500122069,19.222253417968773,45.312007926308354
8198,2014,12,8,14,30,676,89,945,4.147248268127441,18.925012207031273,51.59588796905396
8199,2014,12,8,15,30,510,79,884,4.20224666595459,17.806146240234398,60.814770283527935
8200,2014,12,8,16,30,300,61,765,4.330027580261231,15.7429138183594,71.84209236211302
8201,2014,12,8,17,30,89,41,449,4.4412574768066415,13.2940612792969,83.9608820291368
8202,2014,12,8,18,30,0,0,0,4.548746585845947,11.605493164062526,96.75592267473188
8203,2014,12,8,19,30,0,0,0,4.564177513122559,10.639672851562525,109.97890103914514
8204,2014,12,8,20,30,0,0,0,4.516962051391602,9.887109375000025,123.48095242756426
8205,2014,12,8,21,30,0,0,0,4.463238716125488,9.414453125000025,137.163638934749
8206,2014,12,8,22,30,0,0,0,4.320009708404541,9.051660156250025,150.95319765449588
8207,2014,12,8,23,30,0,0,0,4.149493217468262,8.643975830078148,164.76165466251706
8208,2014,12,9,0,30,0,0,0,3.987964868545532,8.376611328125023,177.41696917844865
8209,2014,12,9,1,30,0,0,0,3.834787845611572,8.220086669921898,166.99044848335922
8210,2014,12,9,2,30,0,0,0,3.654807567596436,8.052514648437523,153.19806021646005
8211,2014,12,9,3,30,0,0,0,3.424327850341797,7.873712158203148,139.39999910021623
8212,2014,12,9,4,30,0,0,0,3.208812475204468,7.619836425781273,125.69833840580476
8213,2014,12,9,5,30,0,0,0,3.0221199989318848,7.317834472656273,112.16550389319369
8214,2014,12,9,6,30,0,0,0,2.8439767360687256,7.128564453125023,98.89457959381744
8215,2014,12,9,7,30,42,22,287,2.768078565597534,7.889825439453148,86.02370547463468
8216,2014,12,9,8,30,260,62,706,3.0657691955566406,10.221337890625025,73.78356094606843
8217,2014,12,9,9,30,479,79,867,3.4715209007263184,13.01665649414065,62.55345913241948
8218,2014,12,9,10,30,655,88,941,3.6421384811401367,15.321435546875026,52.992486074700814
8219,2014,12,9,11,30,769,94,975,3.76594877243042,17.079125976562526,46.15894082511637
8220,2014,12,9,12,30,812,95,985,3.9144887924194336,18.163354492187523,43.36756855038911
8221,2014,12,9,13,30,779,94,976,4.035742282867432,18.572534179687523,45.3724768567042
8222,2014,12,9,14,30,675,88,944,3.979968547821045,18.345208740234398,51.61641588268615
8223,2014,12,9,15,30,313,230,170,3.8560266494750977,17.441308593750026,60.803549063813136
8224,2014,12,9,16,30,195,131,206,3.821159839630127,15.669396972656275,71.80749701691222
8225,2014,12,9,17,30,81,81,0,3.9376063346862793,13.336694335937526,83.90904826820726
8226,2014,12,9,18,30,0,0,0,4.106611728668213,11.425073242187526,96.69091227306744
8227,2014,12,9,19,30,0,0,0,4.071212768554688,10.220910644531275,109.90335830072605
8228,2014,12,9,20,30,0,0,0,3.919457912445069,9.415002441406275,123.39651199835293
8229,2014,12,9,21,30,0,0,0,3.703709602355957,9.10747680664065,137.07112566783934
8230,2014,12,9,22,30,0,0,0,3.4089069366455083,9.2770935058594,150.8524174711565
8231,2014,12,9,23,30,0,0,0,3.1633224487304688,9.5872741699219,164.64948906362878
8232,2014,12,10,0,30,0,0,0,2.986276865005493,9.716577148437525,177.2864671121304
8233,2014,12,10,1,30,0,0,0,2.8236045837402344,9.5661560058594,167.07976334964218
8234,2014,12,10,2,30,0,0,0,2.5939817428588867,9.3787780761719,153.3020800453289
8235,2014,12,10,3,30,0,0,0,2.315612554550171,9.270898437500025,139.51147801014886
8236,2014,12,10,4,30,0,0,0,2.1114702224731445,9.178796386718775,125.81565933596748
8237,2014,12,10,5,30,0,0,0,1.973440408706665,9.16106567382815,112.28808291188759
8238,2014,12,10,6,30,0,0,0,1.836742877960205,9.385339355468775,99.022129500565
8239,2014,12,10,7,30,24,21,49,1.6091564893722534,10.470422363281275,86.15587796464794
8240,2014,12,10,8,30,151,116,126,1.3932043313980105,12.457299804687526,73.91971958032823
8241,2014,12,10,9,30,127,126,1,1.2848666906356812,14.556237792968775,62.691650115654824
8242,2014,12,10,10,30,419,303,192,1.2044812440872192,16.367578125000026,53.12788811629732
8243,2014,12,10,11,30,434,356,112,1.165866136550903,17.765069580078148,46.281242837847
8244,2014,12,10,12,30,660,315,475,1.2146689891815186,18.373803710937523,43.46114671704042
8245,2014,12,10,13,30,452,364,125,1.333616018295288,18.133905029296894,45.42570030737315
8246,2014,12,10,14,30,533,274,415,1.3674957752227783,17.444268798828148,51.63026603946082
8247,2014,12,10,15,30,459,122,691,1.246414303779602,16.549371337890648,60.7864224338086
8248,2014,12,10,16,30,292,60,741,1.083881139755249,15.6619812011719,71.76774778115312
8249,2014,12,10,17,30,86,41,427,0.8939460515975952,14.90935668945315,83.8527286212575
8250,2014,12,10,18,30,0,0,0,0.7266846895217896,14.39714965820315,96.62200024831571
8251,2014,12,10,19,30,0,0,0,0.7745305895805359,13.87603149414065,109.82443560238715
8252,2014,12,10,20,30,0,0,0,1.0444624423980713,13.188623046875026,123.30917388654099
8253,2014,12,10,21,30,0,0,0,1.3354157209396362,12.6066833496094,136.97618752668254
8254,2014,12,10,22,30,0,0,0,1.46960711479187,12.18010864257815,150.74973398207382
8255,2014,12,10,23,30,0,0,0,1.422481894493103,11.815270996093775,164.53624303455538
8256,2014,12,11,0,30,0,0,0,1.2624788284301758,11.310510253906275,177.1609616496749
8257,2014,12,11,1,30,0,0,0,1.0462205410003662,10.750146484375025,167.1707519402473
8258,2014,12,11,2,30,0,0,0,0.8573596477508545,10.399255371093775,153.4072275021244
8259,2014,12,11,3,30,0,0,0,0.7539336085319519,10.161218261718775,139.62358859569395
8260,2014,12,11,4,30,0,0,0,0.6914788484573364,9.90068969726565,125.93311291935423
8261,2014,12,11,5,30,0,0,0,0.6072852611541748,9.6557556152344,112.41025353091122
8262,2014,12,11,6,30,0,0,0,0.5051220655441284,9.667321777343775,99.1486542051358
8263,2014,12,11,7,30,21,19,25,0.4783480763435364,10.922021484375025,86.28629305885504
8264,2014,12,11,8,30,138,114,85,0.43274247646331787,13.655236816406275,74.05322966953953
8265,2014,12,11,9,30,174,166,17,0.40440884232521057,16.051690673828148,62.826093415078354
8266,2014,12,11,10,30,432,300,220,0.3735029697418213,17.107812500000026,53.25824026287616
8267,2014,12,11,11,30,408,347,89,0.19656477868556976,17.897760009765648,46.397176291477614
8268,2014,12,11,12,30,507,385,169,0.1186959743499756,18.801049804687523,43.54749329625586
8269,2014,12,11,13,30,216,207,12,0.203723818063736,19.050897216796894,45.47165876151515
8270,2014,12,11,14,30,293,268,39,0.17987561225891113,18.387994384765648,51.637440637106245
8271,2014,12,11,15,30,307,231,156,0.3101269006729126,17.170312500000026,60.76341594777517
8272,2014,12,11,16,30,152,132,65,0.8359628915786743,15.963647460937526,71.7228922648474
8273,2014,12,11,17,30,30,30,0,1.4305689334869385,14.8570495605469,83.79199015621515
8274,2014,12,11,18,30,0,0,0,1.9296953678131104,13.8749938964844,96.54927100632004
8275,2014,12,11,19,30,0,0,0,2.306753396987915,13.04070434570315,109.74223350533029
8276,2014,12,11,20,30,0,0,0,2.5143051147460938,12.222680664062526,123.21905515334944
8277,2014,12,11,21,30,0,0,0,2.58003044128418,11.549523925781275,136.8789608921141
8278,2014,12,11,22,30,0,0,0,2.5889697074890137,11.083947753906275,150.64531148922683
8279,2014,12,11,23,30,0,0,0,2.53797459602356,10.8074890136719,164.4221375024741
8280,2014,12,12,0,30,0,0,0,2.4087791442871094,10.62920532226565,177.04040494307893
8281,2014,12,12,1,30,0,0,0,2.213181734085083,10.48760375976565,167.263470624314
8282,2014,12,12,2,30,0,0,0,1.978564500808716,10.361047363281275,153.5134655859345
8283,2014,12,12,3,30,0,0,0,1.7704614400863647,10.24248657226565,139.73626102396298
8284,2014,12,12,4,30,0,0,0,1.6451821327209473,10.13616333007815,126.05061158845272
8285,2014,12,12,5,30,0,0,0,1.5751299858093262,10.0375915527344,112.53191679944351
8286,2014,12,12,6,30,0,0,0,1.545909762382507,10.018334960937525,99.2740472210782
8287,2014,12,12,7,30,29,20,142,1.5380772352218628,10.447412109375025,86.4148401739304
8288,2014,12,12,8,30,240,60,661,1.552502155303955,11.603967285156275,74.18398071316778
8289,2014,12,12,9,30,450,76,823,1.518756866455078,13.1944519042969,62.9566850064374
8290,2014,12,12,10,30,622,85,899,1.317891240119934,14.846215820312526,53.38345416206088
8291,2014,12,12,11,30,563,342,320,1.0061782598495483,16.410272216796898,46.506677550411275
8292,2014,12,12,12,30,626,303,446,0.7166327238082886,17.383691406250026,43.62657044321164
8293,2014,12,12,13,30,465,365,142,0.5557461977005005,17.511773681640648,45.51033581101303
8294,2014,12,12,14,30,319,284,56,0.5621637105941772,17.185144042968773,51.63794539207013
8295,2014,12,12,15,30,147,147,0,0.7918564081192017,16.436303710937526,60.73455881023524
8296,2014,12,12,16,30,93,93,0,1.287747859954834,15.46026000976565,71.67298153203242
8297,2014,12,12,17,30,32,32,0,1.8420802354812624,14.512414550781275,83.72690295724568
8298,2014,12,12,18,30,0,0,0,2.223546028137207,13.684533691406275,96.47281135343776
8299,2014,12,12,19,30,0,0,0,2.4081039428710938,12.97918090820315,109.6568541745766
8300,2014,12,12,20,30,0,0,0,2.446587085723877,12.280480957031275,123.12627340693058
8301,2014,12,12,21,30,0,0,0,2.3795323371887207,11.625573730468775,136.7795811299913
8302,2014,12,12,22,30,0,0,0,2.244032382965088,11.039636230468775,150.53931040996815
8303,2014,12,12,23,30,0,0,0,2.094171524047852,10.619653320312525,164.30738111404366
8304,2014,12,13,0,30,0,0,0,1.959531545639038,10.38396606445315,176.92474054313723
8305,2014,12,13,1,30,0,0,0,1.8620009422302248,10.26165161132815,167.35796693193683
8306,2014,12,13,2,30,0,0,0,1.792935848236084,10.0900817871094,153.6207512543074
8307,2014,12,13,3,30,0,0,0,1.7374699115753174,9.73052368164065,139.8494212269898
8308,2014,12,13,4,30,0,0,0,1.698378324508667,9.250512695312525,126.16806484782879
8309,2014,12,13,5,30,0,0,0,1.661884069442749,8.855859375000025,112.6529719374577
8310,2014,12,13,6,30,0,0,0,1.610628604888916,8.702203369140648,99.39820125748994
8311,2014,12,13,7,30,33,19,238,1.4856860637664795,9.41961059570315,86.54140893664379
8312,2014,12,13,8,30,132,111,76,1.243659257888794,11.6258483886719,74.31186343965209
8313,2014,12,13,9,30,451,76,829,0.8831841349601746,15.5069519042969,63.08332303782896
8314,2014,12,13,10,30,624,85,905,0.8048614263534546,18.924157714843773,53.50344428820347
8315,2014,12,13,11,30,738,91,941,1.1386300325393677,20.471093750000023,46.60968593941903
8316,2014,12,13,12,30,782,92,953,1.5337097644805908,21.068841552734398,43.69834317832335
8317,2014,12,13,13,30,754,91,946,1.872586250305176,20.890008544921894,45.5417181743224
8318,2014,12,13,14,30,284,262,34,2.036815643310547,20.109246826171894,51.63178953972447
8319,2014,12,13,15,30,320,231,180,2.0173077583312993,18.951776123046894,60.69988385302797
8320,2014,12,13,16,30,158,134,75,1.8676595687866209,17.632073974609398,71.61807004822325
8321,2014,12,13,17,30,28,28,0,1.6129897832870483,16.428643798828148,83.65754004018903
8322,2014,12,13,18,30,0,0,0,1.333526849746704,15.733789062500026,96.39271037960243
8323,2014,12,13,19,30,0,0,0,1.1145775318145752,15.3483825683594,109.56840123113476
8324,2014,12,13,20,30,0,0,0,1.119915246963501,14.898645019531275,123.03094662506784
8325,2014,12,13,21,30,0,0,0,1.4658942222595217,14.3674255371094,136.67818238791057
8326,2014,12,13,22,30,0,0,0,1.9820713996887207,13.619592285156275,150.4318870716112
8327,2014,12,13,23,30,0,0,0,2.4282102584838867,12.7922302246094,164.19217031421934
8328,2014,12,14,0,30,0,0,0,2.6694412231445312,12.053369140625026,176.8139033476609
8329,2014,12,14,1,30,0,0,0,2.6609783172607417,11.23687133789065,167.45427923659017
8330,2014,12,14,2,30,0,0,0,2.4612221717834477,10.737207031250025,153.72903533380068
8331,2014,12,14,3,30,0,0,0,2.1414825916290283,10.6932312011719,139.96299091834544
8332,2014,12,14,4,30,0,0,0,1.807636022567749,10.6479431152344,126.28537934479435
8333,2014,12,14,5,30,0,0,0,1.532013177871704,10.461572265625025,112.7733164369812
8334,2014,12,14,6,30,0,0,0,1.328709363937378,10.330468750000025,99.52100833626496
8335,2014,12,14,7,30,32,19,233,1.245668888092041,11.029321289062525,86.66588930680254
8336,2014,12,14,8,30,239,59,670,1.4109864234924316,13.033654785156275,74.43676991850216
8337,2014,12,14,9,30,183,172,23,1.8442254066467283,15.746606445312526,63.20590791949234
8338,2014,12,14,10,30,628,85,915,2.2606635093688965,17.934320068359398,53.61812800252525
8339,2014,12,14,11,30,744,91,952,2.4979825019836426,19.261010742187523,46.70614378300114
8340,2014,12,14,12,30,790,93,965,2.622903823852539,20.063256835937523,43.762779417048854
8341,2014,12,14,13,30,763,91,959,2.671091079711914,20.243463134765648,45.56579571192402
8342,2014,12,14,14,30,664,86,931,2.6485085487365723,19.843469238281273,51.61898583208187
8343,2014,12,14,15,30,504,77,872,2.537923812866211,18.971398925781273,60.65942750935919
8344,2014,12,14,16,30,300,60,758,2.3623108863830566,17.521234130859398,71.558215624536
8345,2014,12,14,17,30,91,41,452,2.272146463394165,15.961206054687526,83.58397726497185
8346,2014,12,14,18,30,0,0,0,2.3761143684387207,15.239587402343775,96.30905933931082
8347,2014,12,14,19,30,0,0,0,2.5800111293792725,14.915612792968775,109.47697960382581
8348,2014,12,14,20,30,0,0,0,2.7205755710601807,14.42131958007815,122.9331929804602
8349,2014,12,14,21,30,0,0,0,2.7269835472106934,13.848657226562526,136.5748974000881
8350,2014,12,14,22,30,0,0,0,2.617153644561768,13.260278320312526,150.3231935250258
8351,2014,12,14,23,30,0,0,0,2.413826465606689,12.72564086914065,164.07668946430132
8352,2014,12,15,0,30,0,0,0,2.178581714630127,12.044641113281275,176.70781943944834
8353,2014,12,15,1,30,0,0,0,1.9654107093811035,11.091882324218775,167.55243642355802
8354,2014,12,15,2,30,0,0,0,1.7897098064422607,10.1719909667969,153.83826243455573
8355,2014,12,15,3,30,0,0,0,1.6367529630661009,9.608850097656275,140.07688761609336
8356,2014,12,15,4,30,0,0,0,1.4638392925262451,9.248742675781275,126.40245894553999
8357,2014,12,15,5,30,0,0,0,1.2741217613220217,8.924707031250025,112.89284616725426
8358,2014,12,15,6,30,0,0,0,1.1210596561431885,8.99736938476565,99.64235991164827
8359,2014,12,15,7,30,31,18,232,1.0252376794815063,10.994470214843775,86.78817170078962
8360,2014,12,15,8,30,241,60,681,0.8228148221969604,14.855126953125026,74.55859367155055
8361,2014,12,15,9,30,458,76,850,0.6990665197372437,18.641198730468773,63.324342411956216
8362,2014,12,15,10,30,635,86,927,0.853871762752533,21.224420166015648,53.727425611714786
8363,2014,12,15,11,30,752,91,965,0.9992263317108154,22.717797851562523,46.7959964432076
8364,2014,12,15,12,30,800,93,979,1.0236079692840576,23.58333740234377,43.819849997409065
8365,2014,12,15,13,30,773,92,972,0.978601574897766,23.812554931640648,45.58256143925188
8366,2014,12,15,14,30,673,87,944,0.8305203914642334,23.512414550781273,51.59955053278373
8367,2014,12,15,15,30,512,77,885,0.553901731967926,22.58602294921877,60.61322978469409
8368,2014,12,15,16,30,305,61,771,0.3279985189437866,20.571069335937523,71.49347935847777
8369,2014,12,15,17,30,94,41,465,0.4902124404907226,18.335748291015648,83.5062932449996
8370,2014,12,15,18,30,0,0,0,0.8793550133705139,17.373040771484398,96.22195153078621
8371,2014,12,15,19,30,0,0,0,1.2238177061080933,16.971582031250026,109.38269538128313
8372,2014,12,15,20,30,0,0,0,1.6048593521118164,16.017541503906273,122.83313066937195
8373,2014,12,15,21,30,0,0,0,2.013518810272217,14.64153442382815,136.469857300667
8374,2014,12,15,22,30,0,0,0,2.369086265563965,13.3300720214844,150.21337737657274
8375,2014,12,15,23,30,0,0,0,2.5927248001098637,12.343164062500026,163.96111099268703
8376,2014,12,16,0,30,0,0,0,2.63240385055542,11.573693847656275,176.60640584293947
8377,2014,12,16,1,30,0,0,0,2.5431456565856934,10.91130981445315,167.65245754134324
8378,2014,12,16,2,30,0,0,0,2.4121651649475098,10.455895996093775,153.9483708689046
8379,2014,12,16,3,30,0,0,0,2.30312442779541,10.2674499511719,140.19102467223908
8380,2014,12,16,4,30,0,0,0,2.288061141967773,10.370874023437525,126.51920481697512
8381,2014,12,16,5,30,0,0,0,2.327766895294189,10.723413085937525,113.0114554839206
8382,2014,12,16,6,30,0,0,0,2.35794734954834,11.04961547851565,99.76214699196233
8383,2014,12,16,7,30,29,18,219,2.400691032409668,11.78582153320315,86.90814711550543
8384,2014,12,16,8,30,236,59,667,2.442594051361084,13.651513671875026,74.67722978326947
8385,2014,12,16,9,30,450,76,837,2.2932207584381104,16.557733154296898,63.438531712483986
8386,2014,12,16,10,30,626,85,915,1.9056782722473145,19.652886962890648,53.831260424749544
8387,2014,12,16,11,30,742,91,952,1.5120229721069336,21.660089111328148,46.87919235568343
8388,2014,12,16,12,30,788,93,964,1.271223783493042,22.383508300781273,43.86952870516177
8389,2014,12,16,13,30,761,91,957,1.1768728494644165,22.365747070312523,45.592011537171935
8390,2014,12,16,14,30,663,86,928,1.1281836032867432,21.850396728515648,51.573503409657114
8391,2014,12,16,15,30,504,77,870,1.0019757747650146,20.926354980468773,60.56133422478065
8392,2014,12,16,16,30,301,60,755,0.7499413490295409,19.155694580078148,71.42392557156032
8393,2014,12,16,17,30,92,41,449,0.4907574653625488,17.814447021484398,83.42456925376699
8394,2014,12,16,18,30,0,0,0,0.4678715169429779,17.385156250000026,96.1314821733217
8395,2014,12,16,19,30,0,0,0,0.5651888847351074,16.810632324218773,109.2856556640667
8396,2014,12,16,20,30,0,0,0,0.5393031239509583,16.068017578125026,122.73087774342056
8397,2014,12,16,21,30,0,0,0,0.5334769487380981,15.308129882812526,136.36319144523776
8398,2014,12,16,22,30,0,0,0,0.7125496864318848,14.649682617187526,150.1025816374437
8399,2014,12,16,23,30,0,0,0,0.9813580513000488,13.9382263183594,163.84559557191642
8400,2014,12,17,0,30,0,0,0,1.1820998191833496,13.144433593750026,176.50957021822694
8401,2014,12,17,1,30,0,0,0,1.2840890884399414,12.1830993652344,167.75435143352524
8402,2014,12,17,2,30,0,0,0,1.276784896850586,11.0820251464844,154.05929257465132
8403,2014,12,17,3,30,0,0,0,1.204840898513794,10.03838500976565,140.30531130897722
8404,2014,12,17,4,30,0,0,0,1.1465153694152832,9.1795593261719,126.6355155141696
8405,2014,12,17,5,30,0,0,0,1.0868418216705322,8.468927001953148,113.12903734221877
8406,2014,12,17,6,30,0,0,0,1.006402850151062,8.323907470703148,99.88026026360174
8407,2014,12,17,7,30,28,17,214,0.9116932153701782,9.6683288574219,87.02570725275244
8408,2014,12,17,8,30,156,107,184,0.8984720706939697,12.09636840820315,74.79257501009101
8409,2014,12,17,9,30,453,76,845,1.157385230064392,15.5012145996094,63.54838353978118
8410,2014,12,17,10,30,630,86,923,1.6000115871429443,18.901788330078148,53.92955880807996
8411,2014,12,17,11,30,747,91,961,1.9486277103424072,20.858819580078148,46.955683064048344
8412,2014,12,17,12,30,687,302,534,2.196331739425659,21.821832275390648,43.91179229658425
8413,2014,12,17,13,30,681,266,594,2.404690742492676,21.989190673828148,45.59414535986797
8414,2014,12,17,14,30,548,251,477,2.491241931915283,21.528894042968773,51.540867724587095
8415,2014,12,17,15,30,511,77,882,2.45006799697876,20.470788574218773,60.5037878806831
8416,2014,12,17,16,30,307,61,768,2.313366413116455,18.608880615234398,71.34962174385255
8417,2014,12,17,17,30,96,41,466,2.126840829849243,16.366967773437526,83.33888912881302
8418,2014,12,17,18,30,0,0,0,1.9323149919509888,14.931176757812526,96.03774828332777
8419,2014,12,17,19,30,0,0,0,1.7178449630737305,14.2678161621094,109.18596841741741
8420,2014,12,17,20,30,0,0,0,1.5678670406341553,13.556665039062526,122.62655194506708
8421,2014,12,17,21,30,0,0,0,1.4892027378082275,12.6579528808594,136.25502724088716
8422,2014,12,17,22,30,0,0,0,1.3937556743621826,11.69939575195315,149.99094458960604
8423,2014,12,17,23,30,0,0,0,1.3146414756774902,10.833398437500025,163.7302923169426
8424,2014,12,18,0,30,0,0,0,1.3258942365646362,10.0759216308594,176.41721050565533
8425,2014,12,18,1,30,0,0,0,1.4138040542602541,9.39824829101565,167.8581163482529
8426,2014,12,18,2,30,0,0,0,1.450491428375244,8.852075195312525,154.17095304343775
8427,2014,12,18,3,30,0,0,0,1.3920576572418213,8.461724853515648,140.41965266193964
8428,2014,12,18,4,30,0,0,0,1.327121019363403,8.159753417968773,126.75128707359154
8429,2014,12,18,5,30,0,0,0,1.2880592346191406,7.938897705078148,113.24548341399056
8430,2014,12,18,6,30,0,0,0,1.2659204006195068,8.141900634765648,99.9965902167926
8431,2014,12,18,7,30,27,17,207,1.2081022262573242,10.381005859375025,87.14074464357266
8432,2014,12,18,8,30,234,59,672,1.1794418096542358,14.4638610839844,74.90452788855151
8433,2014,12,18,9,30,451,76,845,1.3578510284423828,18.232598876953148,63.653808216828395
8434,2014,12,18,10,30,628,86,924,1.6374148130416868,20.776055908203148,54.02225023891679
8435,2014,12,18,11,30,747,91,961,1.879940390586853,22.230004882812523,47.02542325232922
8436,2014,12,18,12,30,795,93,974,2.108307361602783,22.978204345703148,43.9466205187911
8437,2014,12,18,13,30,768,92,967,2.30647611618042,23.036492919921894,45.5889654402077
8438,2014,12,18,14,30,671,87,938,2.407506465911865,22.507226562500023,51.50167022087862
8439,2014,12,18,15,30,511,77,878,2.3572065830230717,21.471490478515648,60.44064127088697
8440,2014,12,18,16,30,306,61,764,2.1515779495239262,19.639520263671894,71.27063844546045
8441,2014,12,18,17,30,96,41,460,1.9828634262084959,17.382318115234398,83.2493391732453
8442,2014,12,18,18,30,0,0,0,1.952755689620972,15.912988281250026,95.94084854910206
8443,2014,12,18,19,30,0,0,0,1.9895064830780032,15.126733398437526,109.08374232474613
8444,2014,12,18,20,30,0,0,0,2.136925458908081,14.29412231445315,122.52027054685892
8445,2014,12,18,21,30,0,0,0,2.34348464012146,13.3767028808594,136.1454899845771
8446,2014,12,18,22,30,0,0,0,2.497997760772705,12.449182128906275,149.8785996675782
8447,2014,12,18,23,30,0,0,0,2.5520544052124023,11.59380493164065,163.6153389997483
8448,2014,12,19,0,30,0,0,0,2.531654596328736,10.857385253906275,176.32921453051395
8449,2014,12,19,1,30,0,0,0,2.4736461639404297,10.234460449218775,167.96373952237983
8450,2014,12,19,2,30,0,0,0,2.357313632965088,9.71453247070315,154.28327125475946
8451,2014,12,19,3,30,0,0,0,2.1886441707611084,9.299584960937525,140.53394983101813
8452,2014,12,19,4,30,0,0,0,2.0316433906555176,8.9547058105469,126.8664131122118
8453,2014,12,19,5,30,0,0,0,1.918479084968567,8.644830322265648,113.36068420859276
8454,2014,12,19,6,30,0,0,0,1.8593645095825195,8.727044677734398,100.11102727338668
8455,2014,12,19,7,30,25,16,194,1.7949479818344116,10.780297851562525,87.25315277260718
8456,2014,12,19,8,30,230,59,661,1.804989218711853,14.729150390625026,75.01298884209146
8457,2014,12,19,9,30,446,75,837,2.117708683013916,18.594262695312523,63.75471875171147
8458,2014,12,19,10,30,623,85,917,2.4874963760375977,21.251275634765648,54.10926735667719
8459,2014,12,19,11,30,742,91,956,2.687816619873047,22.680535888671894,47.08837077555807
8460,2014,12,19,12,30,792,93,970,2.851621150970459,23.397821044921894,43.973996127550976
8461,2014,12,19,13,30,767,92,964,2.9906046390533447,23.503167724609398,45.57647749251935
8462,2014,12,19,14,30,671,87,937,2.997944593429565,23.027215576171894,51.45594110809238
8463,2014,12,19,15,30,512,77,879,2.802640438079834,21.977685546875023,60.37194834063168
8464,2014,12,19,16,30,308,61,766,2.392573595046997,20.063592529296894,71.18704926514751
8465,2014,12,19,17,30,97,42,466,1.9452836513519287,17.748651123046898,83.15600805474185
8466,2014,12,19,18,30,0,0,0,1.538402080535889,16.233026123046898,95.84088320444172
8467,2014,12,19,19,30,0,0,0,1.057301640510559,15.3726745605469,108.9790866421173
8468,2014,12,19,20,30,0,0,0,0.572895884513855,14.521875000000026,122.4121501946434
8469,2014,12,19,21,30,0,0,0,0.2783606946468353,13.6570983886719,136.0347027099979
8470,2014,12,19,22,30,0,0,0,0.33542072772979736,12.8138366699219,149.7656753552216
8471,2014,12,19,23,30,0,0,0,0.5777821540832521,12.0128112792969,163.50086227650212
8472,2014,12,20,0,30,0,0,0,0.7943379878997803,11.2563415527344,176.24545957525442
8473,2014,12,20,1,30,0,0,0,0.9715340733528136,10.5705505371094,168.0711967376867
8474,2014,12,20,2,30,0,0,0,1.0877848863601685,10.00591430664065,154.39615961628206
8475,2014,12,20,3,30,0,0,0,1.182289481163025,9.588647460937525,140.64809993868312
8476,2014,12,20,4,30,0,0,0,1.318433403968811,9.27703247070315,126.98078493240742
8477,2014,12,20,5,30,0,0,0,1.4794199466705322,9.019799804687525,113.4745291974635
8478,2014,12,20,6,30,0,0,0,1.6482934951782229,9.1308532714844,100.22346191623427
8479,2014,12,20,7,30,24,15,188,1.734677791595459,11.204248046875025,87.36282620224456
8480,2014,12,20,8,30,229,59,662,1.5835893154144287,14.9240661621094,75.1178602866035
8481,2014,12,20,9,30,445,75,838,1.4383101463317869,18.653253173828148,63.85103091655448
8482,2014,12,20,10,30,623,85,918,1.6985727548599243,21.547570800781273,54.19054601240008
8483,2014,12,20,11,30,742,91,956,2.255819797515869,23.062554931640648,47.14448668827846
8484,2014,12,20,12,30,791,93,970,2.82679295539856,23.620324707031273,43.99390490254591
8485,2014,12,20,13,30,767,92,964,3.286088228225708,23.481866455078148,45.55669041280974
8486,2014,12,20,14,30,671,87,936,3.5399422645568848,22.817163085937523,51.40371404434134
8487,2014,12,20,15,30,513,78,878,3.5427355766296387,21.636560058593773,60.297766418318616
8488,2014,12,20,16,30,310,61,767,3.196627140045166,19.525384521484398,71.09893073608066
8489,2014,12,20,17,30,99,42,468,2.838163137435913,16.917199707031273,83.05898670252785
8490,2014,12,20,18,30,0,0,0,2.6963915824890137,15.1362243652344,95.73795390160109
8491,2014,12,20,19,30,0,0,0,2.546180725097656,14.0981384277344,108.87211105400064
8492,2014,12,20,20,30,0,0,0,2.464843511581421,13.11931762695315,122.30230675497604
8493,2014,12,20,21,30,0,0,0,2.503573417663574,12.169641113281275,135.92278604268841
8494,2014,12,20,22,30,0,0,0,2.587740898132324,11.278283691406275,149.65229509663226
8495,2014,12,20,23,30,0,0,0,2.667775154113769,10.51470336914065,163.38697792351118
8496,2014,12,21,0,30,0,0,0,2.744004011154175,9.89324340820315,176.1658119257275
8497,2014,12,21,1,30,0,0,0,2.8386635780334477,9.30205688476565,168.18045184597725
8498,2014,12,21,2,30,0,0,0,2.865144968032837,8.8369079589844,154.50952391110644
8499,2014,12,21,3,30,0,0,0,2.753821849822998,8.544274902343773,140.76199619647124
8500,2014,12,21,4,30,0,0,0,2.547336339950561,8.213189697265648,127.0942916329057
8501,2014,12,21,5,30,0,0,0,2.251896858215332,8.074487304687523,113.58690694240414
8502,2014,12,21,6,30,0,0,0,1.860757112503052,8.453607177734398,100.33378482018145
8503,2014,12,21,7,30,13,12,22,1.3823113441467283,10.013330078125025,87.46966069631705
8504,2014,12,21,8,30,205,72,519,1.2274692058563232,13.133630371093775,75.21904673432195
8505,2014,12,21,9,30,380,146,533,1.6353840827941897,16.626885986328148,63.94266332421426
8506,2014,12,21,10,30,555,196,614,2.0907297134399414,19.029718017578148,54.26602531618786
8507,2014,12,21,11,30,407,343,93,2.383678674697876,20.146600341796894,47.19373527103617
8508,2014,12,21,12,30,599,359,333,2.690854549407959,20.473291015625023,44.00633566004706
8509,2014,12,21,13,30,388,340,68,2.994255781173706,20.304101562500023,45.52961627642844
8510,2014,12,21,14,30,569,233,538,3.1559357643127437,19.767633056640648,51.345026116140396
8511,2014,12,21,15,30,415,196,440,3.0782837867736816,18.888391113281273,60.218156169289244
8512,2014,12,21,16,30,192,141,158,2.8322458267211914,17.491174316406273,71.00636225885711
8513,2014,12,21,17,30,97,45,431,2.6940619945526123,15.806359863281275,82.95836820217494
8514,2014,12,21,18,30,0,0,0,2.703103542327881,14.608850097656275,95.63216358350004
8515,2014,12,21,19,30,0,0,0,2.723870038986206,13.862329101562526,108.76292553054165
8516,2014,12,21,20,30,0,0,0,2.8369150161743164,13.132043457031275,122.1908551669128
8517,2014,12,21,21,30,0,0,0,2.9936318397521973,12.3791442871094,135.8098580634857
8518,2014,12,21,22,30,0,0,0,3.0394608974456787,11.683190917968775,149.53857722040618
8519,2014,12,21,23,30,0,0,0,3.001592874526977,11.0438171386719,163.27379107941627
8520,2014,12,22,0,30,0,0,0,2.9694151878356934,10.433129882812525,176.09012639746854
8521,2014,12,22,1,30,0,0,0,2.931158781051636,9.906945800781275,168.29145626059324
8522,2014,12,22,2,30,0,0,0,2.810985565185547,9.513391113281275,154.62326325278985
8523,2014,12,22,3,30,0,0,0,2.653268814086914,9.068872070312525,140.87552797961678
8524,2014,12,22,4,30,0,0,0,2.563171625137329,8.448602294921898,127.20682022556109
8525,2014,12,22,5,30,0,0,0,2.49504017829895,7.874658203125023,113.69770522737987
8526,2014,12,22,6,30,0,0,0,2.328545570373535,8.154138183593773,100.44188698443428
8527,2014,12,22,7,30,16,13,75,1.9739626646041868,9.76055297851565,87.57355334321987
8528,2014,12,22,8,30,171,96,295,1.9440147876739504,12.370996093750026,75.31645489607828
8529,2014,12,22,9,30,450,76,853,2.4584946632385254,15.56047973632815,64.0295375027855
8530,2014,12,22,10,30,630,86,932,2.8998017311096187,18.323876953125023,54.33564768241253
8531,2014,12,22,11,30,637,277,529,3.2177443504333496,19.989221191406273,47.23608405466429
8532,2014,12,22,12,30,705,289,579,3.689634084701538,20.575677490234398,44.011280262968036
8533,2014,12,22,13,30,773,92,971,4.0938825607299805,20.051141357421894,45.49527033314105
8534,2014,12,22,14,30,591,218,596,4.107168197631837,19.005456542968773,51.2799178158179
8535,2014,12,22,15,30,363,229,268,3.836411476135254,18.092462158203148,60.13318154691946
8536,2014,12,22,16,30,223,133,275,3.4374868869781494,16.797052001953148,70.90942602198879
8537,2014,12,22,17,30,47,47,0,3.1939520835876465,15.120812988281275,82.85424768859865
8538,2014,12,22,18,30,0,0,0,3.173994541168213,13.99639282226565,95.52361635559687
8539,2014,12,22,19,30,0,0,0,3.1791625022888184,13.34734497070315,108.65164018633158
8540,2014,12,22,20,30,0,0,0,3.3197975158691406,12.714746093750026,122.07790929809536
8541,2014,12,22,21,30,0,0,0,3.510882377624512,12.0739685058594,135.69603418008418
8542,2014,12,22,22,30,0,0,0,3.5603694915771484,11.4426208496094,149.42463487653288
8543,2014,12,22,23,30,0,0,0,3.522160053253174,10.773095703125025,163.16139649097937
8544,2014,12,23,0,30,0,0,0,3.5164361000061035,10.109033203125025,176.0182458482701
8545,2014,12,23,1,30,0,0,0,3.512357234954834,9.798303222656275,168.40414841145636
8546,2014,12,23,2,30,0,0,0,3.344630718231201,9.8715759277344,154.73727004908946
8547,2014,12,23,3,30,0,0,0,3.0729613304138184,9.90667114257815,140.98858091054416
8548,2014,12,23,4,30,0,0,0,2.8838114738464355,9.802209472656275,127.3182557582157
8549,2014,12,23,5,30,0,0,0,2.7982308864593506,9.66948852539065,113.80681119369835
8550,2014,12,23,6,30,0,0,0,2.774574518203736,9.61467895507815,100.54765986613899
8551,2014,12,23,7,30,16,13,74,2.797919511795044,10.244836425781275,87.67440267823021
8552,2014,12,23,8,30,190,82,428,3.1650066375732417,12.036218261718775,75.40999378181006
8553,2014,12,23,9,30,308,199,248,3.7475070953369136,14.692407226562526,64.11157796783944
8554,2014,12,23,10,30,474,271,348,4.1540188789367685,17.182763671875026,54.39935887285756
8555,2014,12,23,11,30,650,271,557,4.446516990661621,19.015740966796894,47.27150384239722
8556,2014,12,23,12,30,450,373,106,4.697088241577148,20.126153564453148,44.008733628267386
8557,2014,12,23,13,30,534,365,240,4.897408962249756,20.407800292968773,45.45367099970906
8558,2014,12,23,14,30,452,317,216,4.937292098999023,20.061151123046894,51.20843301654914
8559,2014,12,23,15,30,396,214,364,4.737837791442871,18.992517089843773,60.04290974103509
8560,2014,12,23,16,30,325,63,796,4.211952209472656,17.059320068359398,70.80820691979545
8561,2014,12,23,17,30,107,43,502,3.802616596221924,14.7895446777344,82.74672223733594
8562,2014,12,23,18,30,0,0,0,3.742903232574463,13.321313476562526,95.41241735743657
8563,2014,12,23,19,30,0,0,0,3.689051866531372,12.600244140625026,108.53836514114599
8564,2014,12,23,20,30,0,0,0,3.6390776634216313,12.0025573730469,121.96358180553476
8565,2014,12,23,21,30,0,0,0,3.5562949180603027,11.4330993652344,135.58142700666858
8566,2014,12,23,22,30,0,0,0,3.3105039596557617,10.721032714843775,149.3105759849648
8567,2014,12,23,23,30,0,0,0,2.901351928710937,9.89421997070315,163.04987876050603
8568,2014,12,24,0,30,0,0,0,2.4377264976501465,9.1870056152344,175.95000068384576
8569,2014,12,24,1,30,0,0,0,2.0418896675109863,9.113244628906275,168.51845316135137
8570,2014,12,24,2,30,0,0,0,1.7761375904083252,9.399804687500025,154.85142997533387
8571,2014,12,24,3,30,0,0,0,1.5602030754089355,9.2429138183594,141.10103695121444
8572,2014,12,24,4,30,0,0,0,1.3147854804992676,8.8874450683594,127.42848144358273
8573,2014,12,24,5,30,0,0,0,1.0322184562683103,8.695123291015648,113.91411147862611
8574,2014,12,24,6,30,0,0,0,0.7413910031318665,8.9189392089844,100.65099551503785
8575,2014,12,24,7,30,6,6,0,0.5452035665512085,10.051171875000025,87.77210880488661
8576,2014,12,24,8,30,101,93,29,0.4901368916034698,11.540979003906275,75.499574799175
8577,2014,12,24,9,30,150,146,9,0.5639216303825378,13.246484375000026,64.18871229229183
8578,2014,12,24,10,30,170,165,8,0.6716740131378174,15.299584960937526,54.457108037509
8579,2014,12,24,11,30,201,193,11,0.8143346309661865,17.614129638671898,47.29996872972252
8580,2014,12,24,12,30,472,378,129,0.9994838237762452,19.443902587890648,43.998693731694466
8581,2014,12,24,13,30,375,334,59,1.1570584774017334,19.920343017578148,45.40483984990422
8582,2014,12,24,14,30,205,198,10,1.1682358980178833,19.628259277343773,51.13061894507069
8583,2014,12,24,15,30,339,238,201,0.8683171272277832,18.555535888671894,59.94741112388258
8584,2014,12,24,16,30,207,141,198,0.5084915161132812,16.629022216796898,70.7027924679119
8585,2014,12,24,17,30,57,54,25,0.8375107049942017,14.61455688476565,82.63589075409017
8586,2014,12,24,18,30,0,0,0,1.5348666906356812,13.2722106933594,95.29867263417296
8587,2014,12,24,19,30,0,0,0,1.858761429786682,12.2764831542969,108.4232103826966
8588,2014,12,24,20,30,0,0,0,1.9561092853546145,11.190637207031275,121.84798400100229
8589,2014,12,24,21,30,0,0,0,1.9467535018920896,10.176293945312525,135.466146251447
8590,2014,12,24,22,30,0,0,0,1.8992427587509155,9.398339843750025,149.19650319541697
8591,2014,12,24,23,30,0,0,0,1.913604736328125,8.910913085937525,162.93931259337597
8592,2014,12,25,0,30,0,0,0,2.051520824432373,8.578515625000023,175.8852083641861
8593,2014,12,25,1,30,0,0,0,2.2498340606689453,8.284509277343773,168.63428118113254
8594,2014,12,25,2,30,0,0,0,2.377364158630371,7.961328125000023,154.96562195852968
8595,2014,12,25,3,30,0,0,0,2.445696830749512,7.534539794921898,141.2127745048061
8596,2014,12,25,4,30,0,0,0,2.5385375022888184,7.064141845703148,127.537378794041
8597,2014,12,25,5,30,0,0,0,2.6462576389312744,6.962884521484398,114.01949235698996
8598,2014,12,25,6,30,0,0,0,2.662425994873047,7.468133544921898,100.75178670901207
8599,2014,12,25,7,30,4,4,0,2.6175765991210938,8.952233886718775,87.86657351523651
8600,2014,12,25,8,30,13,13,0,2.986675262451172,11.503686523437526,75.58511185008203
8601,2014,12,25,9,30,276,203,169,3.7958354949951167,14.175866699218775,64.26087117375224
8602,2014,12,25,10,30,613,86,907,4.527348518371582,15.9333435058594,54.50884775305101
8603,2014,12,25,11,30,734,92,947,4.958891868591309,16.900506591796898,47.321456121898116
8604,2014,12,25,12,30,141,137,5,5.19666862487793,17.473687744140648,43.98116160984826
8605,2014,12,25,13,30,765,93,956,5.371343612670898,17.376214599609398,45.34880160207956
8606,2014,12,25,14,30,673,88,930,5.364611625671387,16.822900390625026,51.046526152050646
8607,2014,12,25,15,30,317,240,154,5.147387504577637,16.056542968750026,59.84675919350784
8608,2014,12,25,16,30,53,53,0,4.730507850646973,14.7941833496094,70.59327271648205
8609,2014,12,25,17,30,19,19,0,4.250697612762451,13.116723632812526,82.52185386303789
8610,2014,12,25,18,30,0,0,0,3.937724113464356,11.7537780761719,95.18248900828749
8611,2014,12,25,19,30,0,0,0,3.73873233795166,10.81304321289065,108.3062856315087
8612,2014,12,25,20,30,0,0,0,3.62885046005249,10.008264160156275,121.73122572121973
8613,2014,12,25,21,30,0,0,0,3.5834178924560547,9.265710449218775,135.35029861199058
8614,2014,12,25,22,30,0,0,0,3.504077434539795,8.724084472656273,149.08251385744208
8615,2014,12,25,23,30,0,0,0,3.3360800743103027,8.585931396484398,162.82976304445185
8616,2014,12,26,0,30,0,0,0,3.128584384918213,8.410485839843773,175.82367291970039
8617,2014,12,26,1,30,0,0,0,2.982492208480835,8.015435791015648,168.7515282820539
8618,2014,12,26,2,30,0,0,0,2.841710329055786,7.715081787109398,155.0797181733281
8619,2014,12,26,3,30,0,0,0,2.661872386932373,7.488854980468773,141.32366852705812
8620,2014,12,26,4,30,0,0,0,2.4853804111480717,7.271875000000023,127.64482776247809
8621,2014,12,26,5,30,0,0,0,2.313438415527344,7.138604736328148,114.12283988597365
8622,2014,12,26,6,30,0,0,0,2.138633251190185,7.243524169921898,100.84992709027316
8623,2014,12,26,7,30,17,12,142,2.0586309432983403,8.345269775390648,87.95770040872395
8624,2014,12,26,8,30,219,58,648,2.209278345108032,11.0772644042969,75.66652142504259
8625,2014,12,26,9,30,411,99,720,2.7918758392333984,14.572778320312526,64.32798849934603
8626,2014,12,26,10,30,542,202,585,3.503535747528076,17.554650878906273,54.55453405896714
8627,2014,12,26,11,30,638,275,536,4.016492843627931,19.726403808593773,47.33594674910539
8628,2014,12,26,12,30,465,377,122,4.441853046417236,20.996575927734398,43.95614135955803
8629,2014,12,26,13,30,633,299,474,4.722846031188965,21.180230712890648,45.28558410425767
8630,2014,12,26,14,30,502,304,314,4.763253211975098,20.530328369140648,50.95620848032392
8631,2014,12,26,15,30,323,241,162,4.566315650939941,19.483239746093773,59.741030514852774
8632,2014,12,26,16,30,250,123,378,4.079148769378662,17.919396972656273,70.47974016119471
8633,2014,12,26,17,30,91,51,303,3.639082431793213,15.831445312500026,82.40471379371772
8634,2014,12,26,18,30,0,0,0,3.505534172058105,14.258142089843775,95.06397395155798
8635,2014,12,26,19,30,0,0,0,3.424146175384521,13.36773071289065,108.1877002083073
8636,2014,12,26,20,30,0,0,0,3.357054710388184,12.5457702636719,121.61341520283457
8637,2014,12,26,21,30,0,0,0,3.2717380523681636,11.73687133789065,135.23398767815502
8638,2014,12,26,22,30,0,0,0,3.11026382446289,11.074060058593775,148.96870000031868
8639,2014,12,26,23,30,0,0,0,2.91260838508606,10.53435668945315,162.72128576235747
8640,2014,12,27,0,30,0,0,0,2.7413265705108643,9.97612915039065,175.7651844873676
8641,2014,12,27,1,30,0,0,0,2.5807204246521,9.500390625000025,168.87007470404689
8642,2014,12,27,2,30,0,0,0,2.3434295654296875,9.217370605468775,155.1935840511552
8643,2014,12,27,3,30,0,0,0,2.063190460205078,9.117944335937525,141.4335906475653
8644,2014,12,27,4,30,0,0,0,1.846726655960083,9.116845703125025,127.75070688906452
8645,2014,12,27,5,30,0,0,0,1.7101075649261477,9.1463562011719,114.22404005259823
8646,2014,12,27,6,30,0,0,0,1.6448376178741455,9.513696289062525,100.9453113020726
8647,2014,12,27,7,30,16,11,120,1.586181879043579,11.618249511718775,88.04539500960767
8648,2014,12,27,8,30,170,89,328,1.7187663316726685,15.110498046875026,75.74372269528622
8649,2014,12,27,9,30,334,182,351,2.1806168556213383,18.223596191406273,64.39000140782886
8650,2014,12,27,10,30,538,205,575,2.5780162811279297,20.397760009765648,54.594126491142504
8651,2014,12,27,11,30,649,234,611,2.772534847259521,21.483209228515648,47.34342467923221
8652,2014,12,27,12,30,580,370,291,2.957337617874145,21.675744628906273,43.92364013457542
8653,2014,12,27,13,30,423,357,93,3.1455566883087163,21.434228515625023,45.2152183168353
8654,2014,12,27,14,30,672,89,923,3.23966908454895,21.205987548828148,50.85972303093525
8655,2014,12,27,15,30,518,79,867,3.151166677474976,20.601556396484398,59.630304658466635
8656,2014,12,27,16,30,319,64,758,2.9320583343505864,19.135675048828148,70.36228965220471
8657,2014,12,27,17,30,72,56,116,2.8703298568725586,17.234887695312526,82.28457426691092
8658,2014,12,27,18,30,0,0,0,2.976818084716797,15.733544921875026,94.94323545750372
8659,2014,12,27,19,30,0,0,0,3.0228052139282227,14.7217956542969,108.06756290371321
8660,2014,12,27,20,30,0,0,0,2.978452444076538,13.817834472656275,121.49465896225942
8661,2014,12,27,21,30,0,0,0,2.872602939605713,12.993127441406275,135.1173138424361
8662,2014,12,27,22,30,0,0,0,2.72293472290039,12.2712341308594,148.85514832203154
8663,2014,12,27,23,30,0,0,0,2.523886442184448,11.60796508789065,162.61392723100363
8664,2014,12,28,0,30,0,0,0,2.3005013465881348,10.97002563476565,175.70951887908646
8665,2014,12,28,1,30,0,0,0,2.0759811401367188,10.361230468750025,168.9897843593779
8666,2014,12,28,2,30,0,0,0,1.8559156656265257,10.1314636230469,155.3070783039795
8667,2014,12,28,3,30,0,0,0,1.6429665088653564,10.36016235351565,141.54240930131564
8668,2014,12,28,4,30,0,0,0,1.4197001457214355,10.48992309570315,127.85489345389416
8669,2014,12,28,5,30,0,0,0,1.188036322593689,10.3206726074219,114.32297892395263
8670,2014,12,28,6,30,0,0,0,0.9049043655395508,10.31389770507815,101.03783512567291
8671,2014,12,28,7,30,13,11,84,0.5684993267059326,11.267297363281275,88.12956488262381
8672,2014,12,28,8,30,153,97,228,0.7002686262130737,13.766870117187526,75.81663760236222
8673,2014,12,28,9,30,347,172,404,1.18379807472229,16.979730224609398,64.44685034909661
8674,2014,12,28,10,30,333,281,90,1.5393612384796145,19.514215087890648,54.62758811305797
8675,2014,12,28,11,30,473,355,174,1.8050161600112915,21.260552978515648,47.34387732818918
8676,2014,12,28,12,30,551,379,238,1.964760422706604,22.337121582031273,43.88366813959118
8677,2014,12,28,13,30,776,94,966,2.0444529056549072,22.386987304687523,45.13773829292384
8678,2014,12,28,14,30,448,321,200,1.961228966712952,21.487115478515648,50.757130127087095
8679,2014,12,28,15,30,263,229,66,1.683760404586792,20.074090576171894,59.51466413699203
8680,2014,12,28,16,30,87,87,0,1.3778575658798218,18.355279541015648,70.2410183010917
8681,2014,12,28,17,30,111,45,486,1.2120418548583984,16.736322021484398,82.16154037943025
8682,2014,12,28,18,30,0,0,0,1.1900902986526491,15.618554687500026,94.82038191449035
8683,2014,12,28,19,30,0,0,0,1.3202431201934814,14.70647583007815,107.94598185072428
8684,2014,12,28,20,30,0,0,0,1.5014295578002932,13.700952148437526,121.37506168044285
8685,2014,12,28,21,30,0,0,0,1.542125940322876,12.768029785156275,135.00037421761212
8686,2014,12,28,22,30,0,0,0,1.466463565826416,12.022119140625026,148.74194018672972
8687,2014,12,28,23,30,0,0,0,1.4692337512969968,11.449731445312526,162.5077250078329
8688,2014,12,29,0,30,0,0,0,1.6776506900787354,11.036157226562525,175.6564371960049
8689,2014,12,29,1,30,0,0,0,1.9592597484588623,10.64263305664065,169.11050403223516
8690,2014,12,29,2,30,0,0,0,2.0608599185943604,10.13140258789065,155.42005296401854
8691,2014,12,29,3,30,0,0,0,1.9410730600357056,9.5954528808594,141.6499898708481
8692,2014,12,29,4,30,0,0,0,1.7415919303894043,9.1450134277344,127.95726363550241
8693,2014,12,29,5,30,0,0,0,1.57456636428833,8.749078369140648,114.41954279991104
8694,2014,12,29,6,30,0,0,0,1.4812209606170654,8.737664794921898,101.12739561739714
8695,2014,12,29,7,30,15,11,119,1.381208896636963,10.6827331542969,88.21011974693809
8696,2014,12,29,8,30,214,58,639,1.3827602863311768,14.508752441406275,75.88519094530136
8697,2014,12,29,9,30,433,76,827,1.6723320484161377,18.251611328125023,64.49847914079346
8698,2014,12,29,10,30,614,87,911,2.0013399124145512,20.862878417968773,54.65488554435029
8699,2014,12,29,11,30,739,93,952,2.2032928466796875,22.372277832031273,47.3372954678246
8700,2014,12,29,12,30,794,96,968,2.3856275081634517,23.188623046875023,43.83623862159293
8701,2014,12,29,13,30,776,95,963,2.560065507888794,23.338067626953148,45.05318115637132
8702,2014,12,29,14,30,685,90,938,2.5991482734680176,22.900109863281273,50.64849327610402
8703,2014,12,29,15,30,530,81,882,2.4324867725372314,21.899926757812523,59.39419433942787
8704,2014,12,29,16,30,329,65,774,2.0856661796569824,20.035363769531273,70.11602538589096
8705,2014,12,29,17,30,114,46,492,1.6954362392425537,17.704675292968773,82.03571848812513
8706,2014,12,29,18,30,0,0,0,1.342963695526123,16.142663574218773,94.69552197967388
8707,2014,12,29,19,30,0,0,0,0.9674569964408876,15.3013854980469,107.82306439990835
8708,2014,12,29,20,30,0,0,0,0.6634488701820374,14.503991699218775,121.25472609261877
8709,2014,12,29,21,30,0,0,0,0.4762633144855499,13.702416992187526,134.88326256156037
8710,2014,12,29,22,30,0,0,0,0.39700907468795776,12.9202819824219,148.62915163024132
8711,2014,12,29,23,30,0,0,0,0.3896993100643158,12.180078125000026,162.40270795867193
8712,2014,12,30,0,30,0,0,0,0.3642953336238861,11.486596679687526,175.60568550509362
8713,2014,12,30,1,30,0,0,0,0.3147954046726227,10.845605468750025,169.23206253581924
8714,2014,12,30,2,30,0,0,0,0.2845584452152252,10.282617187500025,155.5323534410984
8715,2014,12,30,3,30,0,0,0,0.3129144906997681,9.79351196289065,141.7561948391442
8716,2014,12,30,4,30,0,0,0,0.36295926570892334,9.34539184570315,128.05769267494486
8717,2014,12,30,5,30,0,0,0,0.4083909392356873,8.928979492187525,114.51361836796198
8718,2014,12,30,6,30,0,0,0,0.4813978970050812,8.92327270507815,101.21389124557213
8719,2014,12,30,7,30,14,11,114,0.539143443107605,11.061975097656275,88.2869715878643
8720,2014,12,30,8,30,215,59,643,0.5006197690963745,15.009057617187526,75.94931046497408
8721,2014,12,30,9,30,435,77,832,0.3702722787857056,19.515100097656273,64.54483502204076
8722,2014,12,30,10,30,618,88,916,0.4595850110054016,23.243951416015648,54.67598898677555
8723,2014,12,30,11,30,743,94,957,0.7522631287574768,25.014855957031273,47.32367323131167
8724,2014,12,30,12,30,799,96,972,0.98666650056839,25.700463867187523,43.78136785857009
8725,2014,12,30,13,30,780,95,967,1.1687034368515017,25.68880615234377,44.96158707755895
8726,2014,12,30,14,30,689,91,941,1.257518649101257,25.108270263671894,50.533879129403864
8727,2014,12,30,15,30,534,81,886,1.2360318899154663,23.899682617187523,59.2689834633379
8728,2014,12,30,16,30,332,66,778,1.2185401916503906,21.812707519531273,69.98741225441616
8729,2014,12,30,17,30,116,46,498,1.3015427589416504,19.322564697265648,81.90721609325587
8730,2014,12,30,18,30,0,0,0,1.4368638992309568,17.585260009765648,94.56876445387222
8731,2014,12,30,19,30,0,0,0,1.6615431308746338,16.434869384765648,107.69891699762016
8732,2014,12,30,20,30,0,0,0,2.0070629119873047,15.15581665039065,121.13375288302372
8733,2014,12,30,21,30,0,0,0,2.342745780944824,13.88543090820315,134.7660692088902
8734,2014,12,30,22,30,0,0,0,2.5348551273345947,12.75518188476565,148.51685337307453
8735,2014,12,30,23,30,0,0,0,2.544502258300781,11.71563110351565,162.2988964890435
8736,2014,12,31,0,30,0,0,0,2.4263086318969727,10.8166442871094,175.55699459578875
8737,2014,12,31,1,30,0,0,0,2.256110191345215,10.1158386230469,169.35426983030604
8738,2014,12,31,2,30,0,0,0,2.048673152923584,9.857385253906275,155.64381859918873
8739,2014,12,31,3,30,0,0,0,1.8266035318374636,10.018640136718775,141.86088395366994
8740,2014,12,31,4,30,0,0,0,1.6572799682617188,10.095544433593775,128.156055045639
8741,2014,12,31,5,30,0,0,0,1.6428992748260498,9.8574157714844,114.60509286028591
8742,2014,12,31,6,30,0,0,0,1.775024652481079,9.5808044433594,101.29722202695648
8743,2014,12,31,7,30,13,10,106,1.9309169054031368,10.371179199218775,88.36003476647859
8744,2014,12,31,8,30,90,86,17,2.0212147235870357,12.782128906250026,76.0089269256795
8745,2014,12,31,9,30,431,77,824,1.96181321144104,16.166864013671898,64.58586870423562
8746,2014,12,31,10,30,613,88,908,1.7427612543106081,19.489190673828148,54.69087224752499
8747,2014,12,31,11,30,737,94,948,1.4154328107833862,22.072381591796894,47.30300811607209
8748,2014,12,31,12,30,793,96,963,1.079580545425415,23.38851318359377,43.71907514560747
8749,2014,12,31,13,30,775,95,958,0.8545220494270325,23.378686523437523,44.862999247021826
8750,2014,12,31,14,30,685,91,932,0.8708627223968506,22.595910644531273,50.413357440674346
8751,2014,12,31,15,30,531,82,876,1.2372828722000122,21.214990234375023,59.139122445039284
8752,2014,12,31,16,30,331,66,769,1.9240614175796509,19.237329101562523,69.85528222587483
8753,2014,12,31,17,30,117,28,621,2.335471868515014,18.077386474609398,81.77614172122642
8754,2014,12,31,18,30,0,0,0,1.7920114994049072,13.826806640625026,94.40830490053914
8755,2014,12,31,19,30,0,0,0,2.1231837272644043,12.402734375000026,107.54260126526829
8756,2014,12,31,20,30,0,0,0,2.3176288604736333,11.039270019531275,120.9821777646321
8757,2014,12,31,21,30,0,0,0,2.36560583114624,9.883752441406275,134.61993315463226
8758,2014,12,31,22,30,0,0,0,2.3157286643981934,9.096582031250025,148.37755203277692
8759,2014,12,31,23,30,0,0,0,2.239678144454956,8.597802734375023,162.17104521396254
